evaluations raw_y
1 27.4114925453
2 23.3091342184
3 20.8599436865
6 15.5721819195
7 10.6134946006
12 8.5402077103
15 6.5359798690
42 5.9078761707
45 3.0093816955
1048 2.8895309686
1193 2.0690679061
3611 1.7067386707
3817 1.4748040418
3852 1.3842243515
4009 1.1827445210
4021 0.7574092812
4310 0.4942376288
4596 0.4544340927
4605 0.3896168220
4640 0.3149570596
4940 0.3023174880
5006 0.2805372272
5045 0.2599178023
5227 0.2516973041
5245 0.2158810235
5395 0.2133905688
5404 0.2022546338
5544 0.1813842237
5623 0.1736227897
5657 0.1603149756
5863 0.1457528047
5871 0.1348862739
6206 0.1181095010
6255 0.1084497455
6593 0.1064034287
6622 0.1063438101
6738 0.1013337770
6848 0.0977474280
6990 0.0940188254
7085 0.0932628613
7131 0.0909509382
7132 0.0902876129
7186 0.0881009910
7234 0.0866596036
7266 0.0863683305
7368 0.0862735077
7380 0.0852392149
7510 0.0832175338
7589 0.0828057329
7606 0.0822436291
7653 0.0821028703
7696 0.0816881864
7773 0.0813704914
7803 0.0812528142
7863 0.0803133300
7974 0.0798905044
8019 0.0794503297
8094 0.0791109864
8108 0.0787552637
8200 0.0785350394
8205 0.0781361692
8206 0.0777815752
8396 0.0765408039
8622 0.0754781565
8684 0.0749111026
9216 0.0748080542
9351 0.0747624239
9409 0.0747466251
9419 0.0745565686
9457 0.0745234143
9547 0.0743891299
9576 0.0743010771
9611 0.0742954947
9671 0.0741853358
9977 0.0741522226
9983 0.0740808109
10067 0.0740739777
10104 0.0739995673
10152 0.0739592834
10222 0.0739368459
10268 0.0739137470
10298 0.0738938754
10342 0.0737820326
10731 0.0737581768
10862 0.0737351589
10996 0.0736806413
11222 0.0736588309
11317 0.0736486854
11978 0.0736484738
11981 0.0736449729
11986 0.0736438999
12043 0.0736321859
12129 0.0736240618
12457 0.0736220581
12533 0.0736199621
12622 0.0736182577
12792 0.0736175020
12851 0.0736134997
13063 0.0736133672
13086 0.0736126549
13108 0.0736105912
13281 0.0736098890
13503 0.0736096432
13516 0.0736092495
13647 0.0736087182
13781 0.0736073361
13943 0.0736070814
13971 0.0736061142
14240 0.0736058262
14473 0.0736053218
14595 0.0736053045
14625 0.0736051824
14767 0.0736048678
14776 0.0736048591
14796 0.0736046658
14840 0.0736044109
15047 0.0736043933
15061 0.0736043552
15148 0.0736041464
15196 0.0736040993
15238 0.0736040446
15307 0.0736040426
15332 0.0736039829
15354 0.0736038284
15558 0.0736036840
15574 0.0736036565
15730 0.0736035498
15824 0.0736035489
15900 0.0736035429
15917 0.0736035090
15922 0.0736034295
15969 0.0736034041
16158 0.0736033890
16250 0.0736033457
16388 0.0736033125
16467 0.0736033095
16517 0.0736032976
16602 0.0736032820
16632 0.0736032804
16652 0.0736032624
16745 0.0736032620
16853 0.0736032426
16898 0.0736032400
16918 0.0736032394
16921 0.0736032260
16960 0.0736032130
16996 0.0736032091
17015 0.0736032088
17029 0.0736032072
17046 0.0736032046
17082 0.0736032043
17133 0.0736031899
17139 0.0736031843
17190 0.0736031743
17294 0.0736031684
17373 0.0736031679
17417 0.0736031565
17447 0.0736031486
17683 0.0736031452
17769 0.0736031435
17777 0.0736031432
17785 0.0736031402
17797 0.0736031396
17802 0.0736031373
17851 0.0736031330
17974 0.0736031317
17982 0.0736031307
18108 0.0736031236
18351 0.0736031198
18429 0.0736031191
18522 0.0736031188
18523 0.0736031171
18599 0.0736031167
18621 0.0736031157
18689 0.0736031150
18750 0.0736031145
18755 0.0736031130
18836 0.0736031121
18861 0.0736031114
18964 0.0736031111
18994 0.0736031099
19001 0.0736031097
19005 0.0736031084
19033 0.0736031079
19097 0.0736031074
19273 0.0736031067
19397 0.0736031065
19471 0.0736031060
19657 0.0736031058
19670 0.0736031056
19755 0.0736031054
19831 0.0736031052
20049 0.0736031050
20063 0.0736031048
20123 0.0736031047
20150 0.0736031043
20290 0.0736031036
20513 0.0736031033
20956 0.0736031032
21106 0.0736031030
21478 0.0736031029
22104 0.0736031027
22529 0.0736031026
22859 0.0736031024
23474 0.0736031022
24082 0.0736031021
24364 0.0736031020
25537 0.0736031018
26387 0.0736031017
26894 0.0736031016
27844 0.0736031015
29318 0.0736031013
29550 0.0736031012
30553 0.0736031011
30766 0.0736031010
31983 0.0736031009
33284 0.0736031007
33659 0.0736031006
34363 0.0736031005
35649 0.0736031004
37036 0.0736031003
37785 0.0736031001
38101 0.0736031000
38946 0.0736030998
40020 0.0736030997
40672 0.0736030995
42126 0.0736030993
42801 0.0736030992
43177 0.0736030991
44252 0.0736030990
44981 0.0736030988
45891 0.0736030987
46070 0.0736030986
46697 0.0736030985
47730 0.0736030984
48646 0.0736030983
49936 0.0736030981
50000 0.0736030985
evaluations raw_y
1 8.2626917580
10 7.5949834876
62 6.8485091453
79 4.4074187766
188 4.2938392256
350 4.1673056443
368 3.7791456115
412 2.3909242412
948 1.9630751712
2986 1.8148398032
3253 1.6441794882
3285 1.1034321072
3734 1.0892067381
3810 0.8780685421
3818 0.7477206441
4010 0.7231817309
4097 0.6869012664
4234 0.3686246714
4564 0.3298920707
4630 0.3250593440
4726 0.3228168216
4889 0.3051952343
5064 0.2915558058
5075 0.2712887293
5103 0.2584531945
5141 0.2410300363
5145 0.2309223268
5378 0.2295708790
5464 0.2130089913
5538 0.1972499111
5656 0.1966446814
5747 0.1818272282
5755 0.1783807170
5803 0.1781009314
5861 0.1543871729
5978 0.1469606252
6065 0.1378516019
6174 0.1357216969
6628 0.1313845977
6638 0.1295896349
6780 0.1269435784
6809 0.1237310863
6846 0.1209277205
7019 0.1196951937
7152 0.1171171202
7277 0.1149777134
7434 0.1126559980
7894 0.1125176837
7947 0.1122477103
8021 0.1122155767
8136 0.1110409958
8271 0.1099886845
8759 0.1099149624
8760 0.1097422126
8805 0.1094517831
8806 0.1093764642
8855 0.1093329784
8926 0.1092952634
8930 0.1091610423
8955 0.1089937837
9107 0.1088460107
9180 0.1086770211
9244 0.1084399749
9481 0.1083523521
9508 0.1083062582
9552 0.1082689184
9571 0.1082126446
9620 0.1079910280
9640 0.1076746564
10204 0.1076580912
10217 0.1076573100
10273 0.1076096725
10331 0.1075776417
10505 0.1075576492
10512 0.1075211609
10603 0.1074896345
10647 0.1074572655
10817 0.1074399772
10938 0.1074363228
10953 0.1074313439
10960 0.1074267157
11022 0.1074201701
11097 0.1073838541
11240 0.1073765015
11366 0.1073758167
11399 0.1073750123
11428 0.1073590167
11431 0.1073554569
11456 0.1073462744
11465 0.1073328128
11601 0.1073307965
11727 0.1072986756
12499 0.1072963101
12575 0.1072946481
12587 0.1072897454
12699 0.1072882126
12877 0.1072842803
12895 0.1072825036
12972 0.1072822556
13092 0.1072820027
13098 0.1072758610
13180 0.1072738518
13547 0.1072731629
13565 0.1072730592
13597 0.1072719894
13697 0.1072712063
13787 0.1072708683
14208 0.1072701598
14293 0.1072697070
14377 0.1072695950
14452 0.1072695226
14619 0.1072695052
14686 0.1072694430
14795 0.1072693805
14820 0.1072692694
14861 0.1072692627
14895 0.1072690931
14943 0.1072688277
15125 0.1072688141
15155 0.1072687233
15459 0.1072685262
15687 0.1072685073
15695 0.1072684453
15735 0.1072683873
15744 0.1072683743
15881 0.1072681706
15906 0.1072681328
15954 0.1072681237
16207 0.1072680090
16612 0.1072679972
16638 0.1072679967
16642 0.1072679896
16662 0.1072679567
16672 0.1072679557
16720 0.1072679469
16733 0.1072679070
16793 0.1072679052
16817 0.1072678990
16934 0.1072678919
16939 0.1072678897
16955 0.1072678642
16983 0.1072678464
17013 0.1072678333
17059 0.1072678252
17115 0.1072677965
17345 0.1072677956
17394 0.1072677815
17482 0.1072677723
17736 0.1072677691
17756 0.1072677587
18000 0.1072677562
18166 0.1072677523
18191 0.1072677486
18271 0.1072677457
18274 0.1072677385
18440 0.1072677379
18470 0.1072677359
18680 0.1072677322
18754 0.1072677296
18762 0.1072677291
18790 0.1072677282
18923 0.1072677264
18934 0.1072677259
19140 0.1072677248
19172 0.1072677237
19242 0.1072677233
19279 0.1072677230
19429 0.1072677222
19435 0.1072677212
19635 0.1072677205
19642 0.1072677198
19688 0.1072677196
19829 0.1072677186
19989 0.1072677184
20215 0.1072677178
20456 0.1072677177
20498 0.1072677173
20708 0.1072677170
20830 0.1072677169
20898 0.1072677167
20934 0.1072677165
20960 0.1072677164
21456 0.1072677162
21641 0.1072677161
22164 0.1072677160
22644 0.1072677158
23781 0.1072677157
24931 0.1072677155
26122 0.1072677154
27276 0.1072677153
28133 0.1072677151
28678 0.1072677150
29762 0.1072677149
31168 0.1072677147
31781 0.1072677146
32839 0.1072677145
33404 0.1072677144
34956 0.1072677142
36448 0.1072677141
37128 0.1072677140
38436 0.1072677139
39797 0.1072677138
40486 0.1072677137
40814 0.1072677136
41997 0.1072677135
42254 0.1072677133
43032 0.1072677132
43959 0.1072677131
44708 0.1072677130
45754 0.1072677128
46639 0.1072677127
47450 0.1072677126
48229 0.1072677124
48613 0.1072677123
48799 0.1072677121
49210 0.1072677120
50000 0.1072677132
evaluations raw_y
1 33.8279998096
2 23.1396346858
4 8.1259580601
9 4.9018549352
48 4.2608998801
115 4.0472059156
151 3.9790946699
179 3.2683114364
240 2.4082014244
370 2.0719335244
2087 1.8165766049
3664 1.7050355781
3700 1.6229470652
4004 1.5928539447
4009 1.4710380808
4031 1.4622187589
4038 1.4588178283
4055 1.2476386621
4093 1.2307454229
4154 0.6357873023
4533 0.6155700615
4600 0.5299157789
4623 0.4843135815
4653 0.4708305773
4663 0.4597500898
4754 0.4174476739
4839 0.3564113729
4876 0.2892743158
4896 0.2613130729
4927 0.2602199755
4940 0.2295712789
5015 0.1994160139
5038 0.1701769025
5190 0.1560088430
5256 0.1251831294
5266 0.1099223994
5489 0.1065335988
5558 0.0998783323
5579 0.0777175457
5584 0.0739786468
5782 0.0578973372
6180 0.0445868919
6371 0.0438543804
6435 0.0399843030
6552 0.0378526851
6699 0.0368350651
6867 0.0363720181
6902 0.0354316226
7001 0.0345147354
7041 0.0338915938
7151 0.0308119311
7267 0.0298202497
7342 0.0287217478
7460 0.0275886257
7555 0.0271774423
7571 0.0267384517
7600 0.0267074121
7684 0.0255945707
7801 0.0247237299
7929 0.0244664595
8020 0.0242887067
8103 0.0238717978
8368 0.0234866744
8451 0.0224998463
8646 0.0224911871
8739 0.0223002034
8816 0.0222127253
8887 0.0220561236
8896 0.0219661943
9056 0.0219375426
9129 0.0218624905
9294 0.0218198016
9309 0.0217918199
9369 0.0217764385
9416 0.0215717405
9428 0.0215500109
9517 0.0215015097
9552 0.0214454305
9622 0.0213005384
10039 0.0212829287
10096 0.0212746615
10111 0.0211196086
10354 0.0211173914
10516 0.0211115591
10518 0.0210864004
10540 0.0210424984
10654 0.0210267712
10666 0.0210258147
10736 0.0209974662
11111 0.0209931777
11169 0.0209681255
11249 0.0209665621
11429 0.0209634507
11514 0.0209506882
11910 0.0209484374
12119 0.0209472045
12151 0.0209407772
12194 0.0209372764
12212 0.0209319473
12447 0.0209293810
12545 0.0209280276
12625 0.0209279413
12792 0.0209274144
12928 0.0209249726
12942 0.0209247276
12955 0.0209246596
12994 0.0209233828
13005 0.0209230675
13204 0.0209229941
13325 0.0209225721
13379 0.0209213218
13619 0.0209206499
13629 0.0209198328
13790 0.0209196881
13975 0.0209196759
14003 0.0209192239
14007 0.0209186801
14068 0.0209184392
14374 0.0209181692
14378 0.0209181385
14462 0.0209179006
14777 0.0209178800
14814 0.0209177940
14923 0.0209177389
14942 0.0209177250
14998 0.0209177119
15039 0.0209176479
15070 0.0209176474
15081 0.0209176362
15111 0.0209174530
15148 0.0209174482
15318 0.0209172894
15679 0.0209172560
15810 0.0209172332
15879 0.0209172199
16041 0.0209172082
16234 0.0209171881
16372 0.0209171595
16478 0.0209171536
16551 0.0209171076
17057 0.0209170981
17165 0.0209170964
17235 0.0209170942
17314 0.0209170921
17373 0.0209170912
17437 0.0209170885
17462 0.0209170881
17480 0.0209170855
17702 0.0209170803
17954 0.0209170797
17989 0.0209170783
18029 0.0209170762
18123 0.0209170743
18385 0.0209170741
18472 0.0209170732
18745 0.0209170719
18805 0.0209170716
18833 0.0209170712
18929 0.0209170702
19254 0.0209170699
19330 0.0209170695
19354 0.0209170691
19485 0.0209170686
19608 0.0209170684
19677 0.0209170682
20047 0.0209170679
20168 0.0209170676
20795 0.0209170674
21354 0.0209170673
41372 0.0209170672
50000 0.0209170677
evaluations raw_y
1 6.6472306040
62 5.3813612808
101 4.2936423426
286 3.4020163834
361 3.0647127533
1244 2.7560301848
1361 2.3691217598
3366 2.1484077926
3404 1.7642311116
3565 1.3388612448
3603 1.2805134897
3625 0.9989027548
3755 0.9612086489
3792 0.8264893930
3841 0.7822048651
3876 0.7421461613
3897 0.6878404359
4044 0.4713705403
4144 0.4462385707
4202 0.4173594538
4390 0.3791023996
4450 0.3581127587
4479 0.2981737720
4599 0.2699245721
4619 0.2289360638
4774 0.2096947594
4883 0.1946588001
4937 0.1822301163
5095 0.1122735000
5340 0.1117638279
5423 0.1079477921
5573 0.1029026665
5585 0.0875749422
6000 0.0874820389
6048 0.0874063946
6087 0.0847544499
6212 0.0802752610
6369 0.0794882969
6407 0.0776095828
6456 0.0762161735
6586 0.0733126389
6630 0.0729031087
6682 0.0711159857
6787 0.0692097539
6875 0.0652598030
7187 0.0642968419
7292 0.0637696678
7377 0.0609650360
7738 0.0608991576
7759 0.0592641129
7811 0.0588039597
7932 0.0586905191
8324 0.0582940143
8331 0.0582118757
8495 0.0581169270
8502 0.0577705424
8809 0.0575844395
8981 0.0574636092
9016 0.0573568381
9086 0.0573081964
9192 0.0570029081
9370 0.0569686572
9470 0.0568695035
9566 0.0568504231
9643 0.0568188803
9687 0.0567923992
9715 0.0567858577
9732 0.0567418689
9776 0.0566257792
9934 0.0565894577
10217 0.0565863481
10310 0.0565758905
10335 0.0565537022
10429 0.0565322686
10589 0.0565149070
10652 0.0564942012
10857 0.0564697831
10968 0.0564559561
11066 0.0564505687
11397 0.0564338994
11717 0.0564336532
11739 0.0564311417
11837 0.0564301922
11868 0.0564300035
11929 0.0564296355
11972 0.0564282577
12029 0.0564274121
12048 0.0564249642
12057 0.0564225091
12104 0.0564221928
12125 0.0564183691
12287 0.0564173599
12521 0.0564169647
12588 0.0564163194
12612 0.0564157843
12641 0.0564146926
12682 0.0564146555
12734 0.0564121087
12762 0.0564116067
12772 0.0564109967
12818 0.0564088133
13384 0.0564075572
13449 0.0564056753
13817 0.0564054722
13827 0.0564054302
13836 0.0564050237
13930 0.0564046839
14052 0.0564043934
14065 0.0564042453
14198 0.0564039833
14462 0.0564039708
14486 0.0564037298
14514 0.0564035759
14913 0.0564035139
14965 0.0564033059
15070 0.0564032827
15071 0.0564031688
15468 0.0564031272
15538 0.0564030806
15581 0.0564029697
15879 0.0564029213
15973 0.0564029080
16100 0.0564029010
16109 0.0564028821
16185 0.0564028765
16329 0.0564028636
16351 0.0564028490
16476 0.0564028466
16562 0.0564028410
16596 0.0564028408
16600 0.0564028297
16646 0.0564028211
16681 0.0564028126
16766 0.0564028084
16887 0.0564028082
16922 0.0564028055
16926 0.0564028013
16931 0.0564027974
17047 0.0564027841
17147 0.0564027808
17337 0.0564027789
17397 0.0564027774
17405 0.0564027754
17406 0.0564027734
17407 0.0564027674
17760 0.0564027663
17857 0.0564027634
17960 0.0564027619
18071 0.0564027612
18122 0.0564027605
18134 0.0564027602
18143 0.0564027601
18157 0.0564027586
18215 0.0564027568
18345 0.0564027544
18538 0.0564027541
18786 0.0564027538
18865 0.0564027533
18995 0.0564027529
19008 0.0564027527
19148 0.0564027525
19172 0.0564027521
19234 0.0564027518
19311 0.0564027516
19722 0.0564027514
19829 0.0564027512
19838 0.0564027511
19865 0.0564027508
20041 0.0564027507
20171 0.0564027506
20294 0.0564027504
20451 0.0564027502
20744 0.0564027501
22085 0.0564027500
22912 0.0564027499
23701 0.0564027497
24664 0.0564027496
25530 0.0564027495
25782 0.0564027494
27491 0.0564027493
28186 0.0564027492
29102 0.0564027491
29947 0.0564027490
34994 0.0564027489
36988 0.0564027488
44038 0.0564027487
45401 0.0564027486
48249 0.0564027484
50000 0.0564027487
evaluations raw_y
1 13.4998649574
2 10.5897516965
6 9.1107507087
17 5.2097313609
89 3.4650585145
512 2.4535415834
1478 2.4084943342
3203 2.0632116174
3663 1.2386243964
4003 1.0611306822
4211 0.6335585410
4284 0.5715699998
4400 0.5467962698
4594 0.5362712279
4648 0.3824267310
4691 0.3683612139
4805 0.3583006070
5008 0.3418424492
5028 0.3226157622
5034 0.3175333921
5331 0.3119899348
5357 0.3118581046
5456 0.2922159973
5477 0.2746917185
5538 0.2706609629
5577 0.2660458353
5659 0.2474544862
5696 0.2311102243
5866 0.2220489741
5916 0.2200605064
5961 0.2188798149
5981 0.2055930456
5983 0.2041543396
6038 0.1931183361
6162 0.1888218857
6230 0.1747714555
6248 0.1648216100
6720 0.1641196342
6934 0.1589173615
7001 0.1519496103
7132 0.1516164354
7331 0.1502976261
7454 0.1463234209
7486 0.1444689632
7555 0.1426992193
7876 0.1414536128
8131 0.1410374114
8199 0.1406661929
8230 0.1391717538
8327 0.1388694976
8386 0.1382264980
8701 0.1379704972
8726 0.1379041295
8828 0.1375776261
9103 0.1372492185
9199 0.1368963397
9238 0.1368212725
9362 0.1366308707
9660 0.1364770698
9777 0.1363694196
9888 0.1362382415
9898 0.1360948411
10185 0.1360882556
10236 0.1360637630
10295 0.1360347646
10318 0.1358654810
10731 0.1358628949
10738 0.1358287238
10786 0.1358195387
10789 0.1358151905
10843 0.1357351729
11028 0.1357258263
11086 0.1356956909
11116 0.1356656474
11335 0.1356367509
11578 0.1356234990
11580 0.1356129613
11628 0.1355972485
11765 0.1355840008
11780 0.1355753284
11883 0.1355672716
11943 0.1355643068
12363 0.1355626908
12560 0.1355598918
12678 0.1355581233
12716 0.1355577008
12765 0.1355566421
12831 0.1355550499
12925 0.1355535166
12945 0.1355526776
13033 0.1355485531
13282 0.1355484419
13309 0.1355459604
13478 0.1355459197
13635 0.1355445340
13655 0.1355442568
13717 0.1355442074
13891 0.1355438377
13901 0.1355437743
13952 0.1355432056
13955 0.1355430134
14177 0.1355428048
14197 0.1355424032
14226 0.1355419187
14503 0.1355417666
14524 0.1355415461
14550 0.1355415458
14939 0.1355412149
15524 0.1355412075
15541 0.1355411838
15564 0.1355411296
15598 0.1355410001
15705 0.1355409494
15727 0.1355409360
15874 0.1355409249
15959 0.1355409175
16120 0.1355409101
16155 0.1355409075
16208 0.1355409049
16272 0.1355409015
16273 0.1355408302
16455 0.1355407905
16707 0.1355407867
16811 0.1355407838
16840 0.1355407690
17166 0.1355407530
17255 0.1355407484
17406 0.1355407437
17526 0.1355407432
17542 0.1355407182
18159 0.1355407168
18206 0.1355407152
18485 0.1355407151
18490 0.1355407148
18549 0.1355407102
18882 0.1355407095
18927 0.1355407091
19334 0.1355407087
19373 0.1355407085
19557 0.1355407081
19711 0.1355407078
19793 0.1355407076
20150 0.1355407074
20369 0.1355407072
20428 0.1355407071
20575 0.1355407070
20593 0.1355407069
20693 0.1355407068
21250 0.1355407066
24237 0.1355407065
25934 0.1355407064
26009 0.1355407062
28409 0.1355407061
35416 0.1355407060
37956 0.1355407059
41743 0.1355407058
45370 0.1355407057
48460 0.1355407055
50000 0.1355407057
evaluations raw_y
1 18.3707311400
4 13.8794847018
5 3.4486039248
724 3.4150223105
738 2.7127900868
926 2.4606541382
1380 2.3975746802
3295 2.1019269693
3387 1.3637808439
3610 0.9845676870
3693 0.8338865120
3719 0.7085942540
3893 0.6624018517
3957 0.6390258054
4135 0.6189866379
4143 0.6186380633
4170 0.3638926586
4261 0.3094681206
4270 0.2927902310
4482 0.1579479834
4831 0.1504678832
5036 0.1459277482
5116 0.1419485248
5142 0.1375790284
5185 0.1271783440
5244 0.1074044383
5278 0.0706825193
5570 0.0705109154
5590 0.0616356861
5599 0.0613213310
5677 0.0605519822
5857 0.0602918477
5927 0.0580368980
5938 0.0532137238
6139 0.0479502293
6171 0.0406064479
6213 0.0371671670
6219 0.0363235419
6280 0.0362969871
6328 0.0354293247
6391 0.0344889729
6450 0.0310701331
6538 0.0301836960
6540 0.0289516951
6763 0.0259392580
6768 0.0232189338
6947 0.0229065963
6995 0.0222837092
7055 0.0222456719
7216 0.0209227358
7236 0.0204781140
7255 0.0197708596
7391 0.0185133411
7468 0.0184012920
7505 0.0162178997
7915 0.0157209810
7955 0.0152461239
8010 0.0152193342
8049 0.0149216407
8052 0.0139864084
8259 0.0137762493
8324 0.0134343414
8529 0.0129165990
8669 0.0129081792
8885 0.0125511609
8932 0.0125194005
9019 0.0124532739
9071 0.0124103076
9080 0.0123556695
9252 0.0123308659
9270 0.0122318622
9273 0.0122191466
9306 0.0121816518
9531 0.0120977581
9575 0.0120975790
9608 0.0120195753
9621 0.0118884036
9745 0.0118506743
9913 0.0118070982
9961 0.0117092990
10072 0.0116830845
10192 0.0116289669
10303 0.0116267435
10374 0.0116216921
10377 0.0116040552
10426 0.0115789514
10541 0.0115452300
10694 0.0115230390
10727 0.0114840183
10954 0.0114750185
11077 0.0114715684
11247 0.0114710634
11270 0.0114681828
11377 0.0114644841
11412 0.0114577675
11464 0.0114560101
11474 0.0114501845
11491 0.0114453203
11577 0.0114451994
11786 0.0114386126
11814 0.0114351718
11887 0.0114312814
11961 0.0114274073
12011 0.0114260576
12176 0.0114220452
12285 0.0114206535
12568 0.0114194756
12638 0.0114190322
12644 0.0114184577
12677 0.0114173944
12694 0.0114166583
12908 0.0114161914
13056 0.0114151704
13213 0.0114146277
13249 0.0114136486
13322 0.0114133452
13418 0.0114131959
13556 0.0114127552
13559 0.0114125810
13629 0.0114122674
13630 0.0114119763
13950 0.0114119553
14031 0.0114115264
14130 0.0114112940
14304 0.0114112310
14319 0.0114108790
14721 0.0114107440
14737 0.0114106599
14825 0.0114106429
14979 0.0114105710
15113 0.0114104953
15253 0.0114104850
15276 0.0114104228
15288 0.0114103899
15302 0.0114103747
15340 0.0114102751
15376 0.0114102706
15390 0.0114102490
15721 0.0114102317
15806 0.0114101769
15897 0.0114101567
15936 0.0114101479
16118 0.0114101451
16133 0.0114101051
16428 0.0114100896
16618 0.0114100728
16870 0.0114100692
16915 0.0114100689
16926 0.0114100620
17057 0.0114100587
17062 0.0114100459
17325 0.0114100422
17404 0.0114100383
17469 0.0114100356
17500 0.0114100319
17610 0.0114100292
17698 0.0114100283
17829 0.0114100252
18100 0.0114100230
18375 0.0114100215
18465 0.0114100213
18504 0.0114100197
18563 0.0114100188
18792 0.0114100173
19024 0.0114100171
19151 0.0114100167
19211 0.0114100162
19412 0.0114100160
19436 0.0114100158
19491 0.0114100155
19604 0.0114100154
19643 0.0114100152
19728 0.0114100148
20080 0.0114100147
20170 0.0114100145
20332 0.0114100144
20518 0.0114100142
21074 0.0114100141
22522 0.0114100140
24420 0.0114100139
27052 0.0114100138
30713 0.0114100136
33834 0.0114100135
36183 0.0114100134
37597 0.0114100133
40703 0.0114100132
42225 0.0114100131
43879 0.0114100129
46385 0.0114100128
49056 0.0114100127
50000 0.0114100129
evaluations raw_y
1 14.5759628320
7 8.3130051777
8 6.8274436470
38 4.9040462631
57 4.7400094810
59 3.8291943524
70 2.6802707619
841 2.2624891068
3282 1.9185012911
3565 1.7100496684
3595 1.0540615112
3951 0.7390976116
4183 0.6226538273
4184 0.5157395027
4338 0.3276229834
4424 0.3156822670
4517 0.2851705222
4580 0.2651859380
4607 0.2645382148
4723 0.2375350279
4815 0.1460921037
4880 0.1149031391
5356 0.1041282703
5574 0.0887031659
5612 0.0864295264
5696 0.0859593044
5722 0.0720130740
5731 0.0654355416
5884 0.0596791770
5956 0.0561330418
5962 0.0534896213
6084 0.0523682796
6144 0.0359918232
6529 0.0321802372
6772 0.0271882972
7183 0.0237294033
7285 0.0225647529
7722 0.0223723664
7772 0.0217746805
7781 0.0212239656
7868 0.0201814269
7981 0.0200750845
8183 0.0198341501
8194 0.0193957695
8201 0.0190655247
8334 0.0184478934
8661 0.0184324435
8731 0.0183247036
8772 0.0182417816
8830 0.0179667791
8856 0.0179408559
8874 0.0179196381
9096 0.0178964046
9166 0.0178134824
9198 0.0176748331
9205 0.0176400648
9263 0.0176077319
9455 0.0175758989
9467 0.0175121828
9480 0.0174158345
9499 0.0173914319
9543 0.0173178749
9635 0.0172966695
9850 0.0172809892
10102 0.0172671777
10291 0.0172160636
10371 0.0172128841
10401 0.0171834808
10468 0.0171565537
10482 0.0171478708
10515 0.0171188193
10612 0.0171089785
10619 0.0171047955
10632 0.0170649810
10901 0.0170482544
10988 0.0170197469
11403 0.0170060420
11568 0.0170055782
11750 0.0169940178
11795 0.0169865952
11920 0.0169829203
11952 0.0169796730
12024 0.0169777796
12033 0.0169763168
12037 0.0169705004
12088 0.0169702160
12145 0.0169694324
12152 0.0169667459
12298 0.0169643764
12366 0.0169641178
12480 0.0169636395
12514 0.0169617053
12547 0.0169588563
12589 0.0169586011
12592 0.0169577329
12658 0.0169559246
12753 0.0169555839
12763 0.0169547097
12919 0.0169524591
13075 0.0169514889
13252 0.0169504685
13325 0.0169504311
13436 0.0169502783
13446 0.0169499074
13544 0.0169493550
13564 0.0169492201
13614 0.0169485403
13726 0.0169483278
13816 0.0169483007
13935 0.0169478376
13990 0.0169476833
14143 0.0169475836
14186 0.0169474673
14311 0.0169471816
14378 0.0169471395
14580 0.0169471143
14689 0.0169471037
14720 0.0169470781
14756 0.0169467999
15025 0.0169467469
15218 0.0169467128
15452 0.0169466871
15685 0.0169466802
15706 0.0169466461
15736 0.0169466453
15764 0.0169465976
15846 0.0169465676
15885 0.0169465643
15912 0.0169465264
16226 0.0169465220
16271 0.0169465084
16272 0.0169465046
16279 0.0169464882
16453 0.0169464852
16536 0.0169464749
16540 0.0169464600
16667 0.0169464404
16929 0.0169464266
16946 0.0169464252
16985 0.0169464235
17257 0.0169464228
17282 0.0169464156
17471 0.0169464142
17510 0.0169464130
17540 0.0169464118
17596 0.0169464079
17629 0.0169464074
17657 0.0169464060
17689 0.0169464049
17716 0.0169464027
17784 0.0169463964
17929 0.0169463956
17954 0.0169463947
18032 0.0169463945
18068 0.0169463937
18127 0.0169463909
18307 0.0169463898
18440 0.0169463883
18635 0.0169463878
18725 0.0169463872
18865 0.0169463862
19046 0.0169463858
19125 0.0169463856
19212 0.0169463848
19511 0.0169463846
19607 0.0169463841
19865 0.0169463838
19957 0.0169463837
20181 0.0169463835
20539 0.0169463833
21105 0.0169463831
24676 0.0169463830
25507 0.0169463829
27309 0.0169463828
27685 0.0169463827
28992 0.0169463826
30257 0.0169463825
31612 0.0169463823
33421 0.0169463822
36107 0.0169463821
36967 0.0169463820
38607 0.0169463818
39611 0.0169463817
40768 0.0169463816
43588 0.0169463815
44313 0.0169463814
45163 0.0169463813
47407 0.0169463812
47765 0.0169463810
49671 0.0169463809
50000 0.0169463812
evaluations raw_y
1 31.8651570931
2 8.0490954416
4 7.2197887217
14 5.9003551867
63 5.7561302645
108 3.1166447718
216 3.0270125565
1314 2.7983439447
1541 2.2223210590
3101 1.9700082979
3277 1.0098244526
3918 0.8581943074
4009 0.7903987597
4117 0.7002716963
4237 0.6524751173
4325 0.5717581168
4497 0.5490931480
4593 0.5007197004
4717 0.3289304164
4853 0.2449646756
5538 0.2426075767
5547 0.2008793786
6093 0.1916679539
6096 0.1798869131
6153 0.1778460590
6300 0.1760425563
6400 0.1651689277
6612 0.1636905231
6678 0.1598555264
6843 0.1514743505
7365 0.1504985758
7392 0.1473394418
7667 0.1466794218
7721 0.1456618569
7846 0.1446090212
7891 0.1443854608
7935 0.1430869463
8290 0.1423697347
8642 0.1416265131
8983 0.1414863027
9097 0.1413615708
9107 0.1413166487
9341 0.1411095284
9497 0.1410970834
9596 0.1409681398
9638 0.1409116843
9655 0.1408481582
9669 0.1407118427
9770 0.1406010627
9924 0.1405509017
10217 0.1405214677
10250 0.1405017716
10257 0.1404847625
10379 0.1403991314
10437 0.1403742905
10497 0.1403092266
10756 0.1402889488
10773 0.1402843471
11001 0.1402369765
11064 0.1402303372
11151 0.1402194967
11334 0.1402063980
11553 0.1402040963
11611 0.1401992965
11654 0.1401969523
11694 0.1401855574
11721 0.1401817993
11726 0.1401787851
11872 0.1401701161
12229 0.1401687851
12249 0.1401674248
12256 0.1401622660
12257 0.1401589003
12304 0.1401576689
12331 0.1401549100
12501 0.1401497944
12564 0.1401495909
12653 0.1401483710
12782 0.1401434541
12978 0.1401425075
13065 0.1401416474
13551 0.1401409206
13552 0.1401399015
13618 0.1401392547
13771 0.1401387320
13824 0.1401384414
13956 0.1401378928
14035 0.1401376323
14188 0.1401371588
14267 0.1401366239
14482 0.1401364201
14522 0.1401363924
14710 0.1401363695
14743 0.1401363549
14779 0.1401363332
14834 0.1401360064
14969 0.1401358943
15157 0.1401358585
15226 0.1401358443
15288 0.1401358161
15320 0.1401356906
15390 0.1401356258
15567 0.1401355058
15635 0.1401355053
15695 0.1401354960
15775 0.1401354953
15842 0.1401354562
15848 0.1401354207
16300 0.1401354004
16342 0.1401353916
16399 0.1401353762
16438 0.1401353334
16815 0.1401353095
16904 0.1401353070
16963 0.1401353003
16999 0.1401352885
17199 0.1401352818
17841 0.1401352795
18022 0.1401352794
18039 0.1401352787
18070 0.1401352736
18082 0.1401352726
18093 0.1401352714
18119 0.1401352711
18153 0.1401352701
18154 0.1401352687
18192 0.1401352677
18277 0.1401352668
18292 0.1401352645
18545 0.1401352621
18565 0.1401352618
18748 0.1401352617
18772 0.1401352610
18774 0.1401352605
18899 0.1401352594
18947 0.1401352589
19054 0.1401352587
19084 0.1401352585
19178 0.1401352571
19314 0.1401352569
19399 0.1401352568
19563 0.1401352562
20051 0.1401352561
20099 0.1401352557
20308 0.1401352556
20453 0.1401352555
20633 0.1401352554
20746 0.1401352552
24642 0.1401352551
33052 0.1401352549
50000 0.1401352556
evaluations raw_y
1 17.3266037392
3 15.3044724687
4 5.2137037221
72 4.4940648947
188 3.8218757784
665 3.5789604408
685 3.4145869624
756 3.1400398325
895 2.3750101747
3201 1.7214509728
3484 1.6380883990
3497 1.0277677090
3565 0.9600844131
3591 0.8009561439
3734 0.7638856240
3772 0.6218270891
3785 0.5956368071
4008 0.5089422748
4125 0.4900455797
4168 0.4530311090
4288 0.3823127026
4311 0.3477640768
4343 0.3294888526
4378 0.2773550720
4419 0.2532953382
4516 0.2124459234
4754 0.1815427280
4852 0.1516962974
5041 0.1226285616
5104 0.0995901037
5185 0.0990566395
5256 0.0847581641
5521 0.0825914915
5528 0.0810708374
5569 0.0731532778
5592 0.0580150920
5619 0.0574102852
5696 0.0523762347
5738 0.0512145341
5841 0.0414599133
5911 0.0346922287
5948 0.0302984319
5957 0.0277320152
6108 0.0271988991
6214 0.0238118017
6416 0.0205661102
6495 0.0175259404
6515 0.0128914401
6944 0.0115380408
6968 0.0107775342
7106 0.0106036168
7119 0.0096243520
7226 0.0081414344
7248 0.0080906787
7333 0.0074973318
7344 0.0065546314
7502 0.0062601016
7588 0.0057986986
7590 0.0057872361
7660 0.0056953136
7671 0.0054584290
7673 0.0049960041
7758 0.0045678297
7857 0.0043797578
7976 0.0041760417
7988 0.0037250376
8074 0.0029674400
8200 0.0028069708
8395 0.0027427819
8442 0.0021582793
8466 0.0018052113
8737 0.0014619598
9236 0.0014604958
9299 0.0014093457
9306 0.0013874807
9316 0.0012202511
9395 0.0010731960
9518 0.0009663957
9799 0.0008822769
9952 0.0008512785
10116 0.0008446724
10124 0.0008292030
10225 0.0008050290
10320 0.0007574203
10476 0.0007436489
10479 0.0007379706
10515 0.0007243247
10558 0.0007145020
10588 0.0007132991
10956 0.0007079744
10988 0.0006941285
11034 0.0006919803
11147 0.0006852409
11230 0.0006848633
11377 0.0006815499
11507 0.0006747359
11572 0.0006693144
11621 0.0006666434
11677 0.0006579049
11729 0.0006571107
11750 0.0006546900
11809 0.0006541028
11918 0.0006539964
11988 0.0006527429
12126 0.0006486648
12248 0.0006481303
12471 0.0006437813
12651 0.0006422142
12730 0.0006380664
13176 0.0006376746
13427 0.0006376410
13520 0.0006374485
13609 0.0006374354
13635 0.0006370758
13668 0.0006369068
13851 0.0006366837
13872 0.0006363199
13946 0.0006359748
13968 0.0006356151
14165 0.0006353482
14203 0.0006351969
14252 0.0006349313
14576 0.0006348949
14587 0.0006348732
14601 0.0006348520
14667 0.0006346060
14806 0.0006345935
14866 0.0006345475
14989 0.0006344299
15083 0.0006344003
15099 0.0006343410
15217 0.0006343133
15233 0.0006342808
15264 0.0006342703
15339 0.0006341911
15453 0.0006341597
15605 0.0006341368
15751 0.0006340947
15814 0.0006340912
15849 0.0006340226
16364 0.0006340132
16526 0.0006340126
16550 0.0006340034
16577 0.0006340020
16671 0.0006339987
16685 0.0006339972
16693 0.0006339938
16745 0.0006339919
16784 0.0006339864
16995 0.0006339853
17092 0.0006339848
17159 0.0006339801
17167 0.0006339742
17259 0.0006339726
17309 0.0006339716
17410 0.0006339649
17477 0.0006339639
17506 0.0006339631
17524 0.0006339586
17841 0.0006339579
17950 0.0006339539
18286 0.0006339536
18375 0.0006339519
19084 0.0006339513
19380 0.0006339510
19414 0.0006339509
19521 0.0006339507
19749 0.0006339506
19897 0.0006339505
20022 0.0006339503
20178 0.0006339501
20269 0.0006339500
20977 0.0006339499
22344 0.0006339498
22972 0.0006339497
24324 0.0006339496
25047 0.0006339495
25933 0.0006339494
32510 0.0006339493
36952 0.0006339491
39776 0.0006339490
45563 0.0006339489
50000 0.0006339494
evaluations raw_y
1 9.4859556053
8 8.6677269004
20 6.0349337427
37 4.4616695582
42 3.5511646335
595 3.4389139425
1055 2.2516615394
1945 1.9189917937
3386 1.6957130987
3499 1.1930602606
3611 1.0918235586
3637 0.8418017323
3730 0.5987514036
3992 0.5702549084
4011 0.3763516063
4452 0.3280948568
4738 0.3225099730
4815 0.3032160458
4819 0.2886700413
4837 0.2856885070
4860 0.2294846813
4902 0.2291753093
5041 0.2284549812
5132 0.1776480366
5418 0.1626799019
5621 0.1567804107
5720 0.1242134025
5923 0.1200581345
6139 0.1169615973
6166 0.1139556340
6172 0.0983687167
6710 0.0964867411
6747 0.0938017135
6785 0.0884926689
7492 0.0875122331
7662 0.0861154851
7687 0.0850215586
7859 0.0850201215
7974 0.0849536417
8007 0.0847243944
8048 0.0838163053
8154 0.0836011424
8198 0.0832799461
8286 0.0820094008
8344 0.0809915142
8544 0.0802816788
8800 0.0801584780
8855 0.0801503232
8892 0.0800061412
9068 0.0799506020
9296 0.0797921152
9319 0.0797713421
9407 0.0795254241
9528 0.0793587805
9729 0.0793358061
9765 0.0792280858
10156 0.0792058236
10241 0.0791555799
10457 0.0791533897
10519 0.0791480899
10538 0.0791393563
10578 0.0790694395
10646 0.0790322052
10762 0.0790315010
10790 0.0790264522
10907 0.0790035913
10952 0.0789641897
10987 0.0789557820
11125 0.0789522764
11164 0.0789394436
11195 0.0789354652
11234 0.0789301939
11236 0.0789277690
11496 0.0789272688
11568 0.0789117109
11706 0.0789060321
11737 0.0789022832
11788 0.0789013665
11797 0.0788953186
11964 0.0788925807
12021 0.0788900048
12069 0.0788873048
12079 0.0788847030
12112 0.0788825248
12205 0.0788723227
12303 0.0788666527
12672 0.0788663794
12909 0.0788630104
13077 0.0788619867
13092 0.0788590666
13246 0.0788582552
13396 0.0788568336
13584 0.0788565893
13620 0.0788555177
13884 0.0788552277
13969 0.0788549358
13983 0.0788546958
14038 0.0788544055
14144 0.0788541757
14357 0.0788537392
14549 0.0788535154
14596 0.0788531754
14627 0.0788530426
14724 0.0788529900
14793 0.0788526198
15421 0.0788524440
15524 0.0788524289
15656 0.0788524105
15851 0.0788524046
15858 0.0788523935
15954 0.0788523859
16014 0.0788523827
16057 0.0788523799
16142 0.0788523574
16372 0.0788523396
16424 0.0788523219
16439 0.0788523074
16466 0.0788523046
16482 0.0788522720
16613 0.0788522681
16639 0.0788522673
16721 0.0788522582
16764 0.0788522448
16882 0.0788522149
17381 0.0788522139
17474 0.0788522057
17564 0.0788522056
17565 0.0788521971
17619 0.0788521959
17735 0.0788521940
17895 0.0788521927
17922 0.0788521915
17924 0.0788521886
17996 0.0788521867
18094 0.0788521835
18309 0.0788521827
18443 0.0788521822
18510 0.0788521792
18519 0.0788521768
19072 0.0788521767
19127 0.0788521761
19241 0.0788521758
19329 0.0788521757
19361 0.0788521753
19468 0.0788521750
19541 0.0788521747
19570 0.0788521742
19780 0.0788521740
19788 0.0788521739
19812 0.0788521737
20031 0.0788521736
20054 0.0788521735
20198 0.0788521732
20956 0.0788521730
22788 0.0788521728
25807 0.0788521727
26847 0.0788521726
28690 0.0788521725
28940 0.0788521724
32253 0.0788521723
35689 0.0788521721
38002 0.0788521720
39057 0.0788521719
42011 0.0788521718
45391 0.0788521716
46329 0.0788521715
47051 0.0788521714
48777 0.0788521713
50000 0.0788521723
evaluations raw_y
1 33.1717331722
2 16.8387258218
5 10.0139077764
9 7.7723334686
36 4.9874460367
81 4.5498808552
124 2.7263258175
1402 2.6203338232
2568 2.5968007369
3284 2.0324265009
3415 1.9760960352
3480 1.9295559678
3509 1.5908328907
3511 1.4522883855
3764 0.8157138680
4066 0.7907749614
4078 0.5203502701
4231 0.4396390168
4443 0.4045573017
4616 0.3615752683
4679 0.2630195469
4782 0.2506355784
4844 0.2249076347
4991 0.2054878420
5028 0.1418843163
5319 0.1122104523
5615 0.0978155046
5828 0.0863978126
5908 0.0856042569
5940 0.0769984056
6129 0.0758831361
6150 0.0737117205
6218 0.0730642656
6320 0.0728526326
6330 0.0678433146
6374 0.0658821142
6385 0.0596816983
6529 0.0594348204
6542 0.0554224803
6583 0.0531214508
6834 0.0512193512
6979 0.0510915792
7089 0.0503581797
7175 0.0496703030
7208 0.0492685677
7219 0.0490478734
7251 0.0483355890
7301 0.0459405435
7375 0.0459108362
7399 0.0449166517
7626 0.0445963545
7682 0.0445435388
7849 0.0440796647
7869 0.0437946093
7901 0.0437059620
7908 0.0436927638
7917 0.0420534355
8141 0.0417540225
8306 0.0410522216
8338 0.0408627538
8499 0.0401148405
8585 0.0399456196
8620 0.0396976231
8839 0.0395241030
8853 0.0393921647
8869 0.0393313847
8970 0.0391137777
8989 0.0390212572
9255 0.0387895920
9356 0.0387815341
9409 0.0387161215
9512 0.0384438244
9990 0.0384245468
10283 0.0384009782
10293 0.0383777133
10384 0.0383662837
10471 0.0383486799
10486 0.0383447736
10508 0.0383316348
10535 0.0383198130
10640 0.0383031057
10655 0.0382850657
10662 0.0382340015
10741 0.0381735931
11155 0.0381717080
11173 0.0381424286
11877 0.0381395871
11919 0.0381332074
12072 0.0381289699
12104 0.0381285045
12191 0.0381270992
12267 0.0381230047
12276 0.0381216336
12435 0.0381211202
12448 0.0381160559
12793 0.0381160453
12874 0.0381157319
12982 0.0381147832
13029 0.0381141137
13056 0.0381138227
13087 0.0381137616
13132 0.0381130386
13326 0.0381120744
13436 0.0381120200
13453 0.0381116520
13490 0.0381116446
13543 0.0381106694
13632 0.0381104715
13759 0.0381102817
13822 0.0381102158
13837 0.0381099097
13896 0.0381097262
13909 0.0381093431
13932 0.0381093286
13955 0.0381091704
13977 0.0381090148
14248 0.0381088091
14460 0.0381086419
14465 0.0381084439
14530 0.0381081712
14730 0.0381080655
14970 0.0381080091
14986 0.0381080022
15093 0.0381079324
15142 0.0381078974
15212 0.0381078964
15242 0.0381078303
15267 0.0381076639
15579 0.0381076268
15702 0.0381076084
15731 0.0381075951
15769 0.0381075863
15927 0.0381075606
15993 0.0381075366
16043 0.0381075333
16049 0.0381075241
16097 0.0381075136
16111 0.0381074993
16210 0.0381074799
16368 0.0381074681
16403 0.0381074520
16585 0.0381074245
16660 0.0381074145
16804 0.0381074123
16867 0.0381074102
16986 0.0381074092
16989 0.0381074055
17167 0.0381074026
17176 0.0381073989
17226 0.0381073946
17236 0.0381073940
17362 0.0381073907
17383 0.0381073863
17410 0.0381073859
17498 0.0381073850
17532 0.0381073806
17580 0.0381073779
17606 0.0381073732
17978 0.0381073730
17990 0.0381073698
18005 0.0381073664
18090 0.0381073645
18191 0.0381073628
18200 0.0381073623
18239 0.0381073621
18469 0.0381073605
18603 0.0381073595
18950 0.0381073591
19027 0.0381073589
19189 0.0381073586
19190 0.0381073578
19463 0.0381073577
19590 0.0381073573
19762 0.0381073571
19832 0.0381073568
20217 0.0381073566
20316 0.0381073564
20372 0.0381073563
22459 0.0381073562
34511 0.0381073561
50000 0.0381073567
evaluations raw_y
1 25.0291816257
2 7.7443325325
4 5.9084870106
57 5.7296507492
164 3.0129823964
747 2.9251637581
778 2.5852633680
1815 2.4149093316
2256 2.1163774341
3057 1.7588987321
3190 1.4095394906
3312 1.3334432182
3604 1.0604486577
4017 0.7763931998
4108 0.7596569364
4118 0.7220777574
4126 0.7125112812
4217 0.6887610620
4263 0.5861400260
4308 0.5110037131
4457 0.4051245326
4596 0.3930046905
4597 0.3678635624
4615 0.3620024983
4633 0.3350547172
4641 0.2942947102
4700 0.2878628303
4768 0.1629679524
4807 0.1606090675
4950 0.1404817300
5218 0.0996886323
5380 0.0778704442
5561 0.0639323530
5706 0.0488076174
6053 0.0409818076
6062 0.0383432428
6145 0.0356670996
6160 0.0332846868
6221 0.0285706651
6348 0.0276471170
6370 0.0246959095
6535 0.0216598223
6790 0.0211508966
6948 0.0203271529
6967 0.0198438511
7069 0.0196899933
7094 0.0187303963
7106 0.0186765304
7127 0.0170717049
7157 0.0163282838
7203 0.0155020542
7305 0.0153047874
7360 0.0152058361
7367 0.0138044216
7487 0.0137480161
7524 0.0133436610
7527 0.0119069928
7534 0.0110366755
7945 0.0109655471
8031 0.0094310675
8206 0.0085950790
8362 0.0085142396
8500 0.0084746906
8538 0.0082736492
8639 0.0082346190
8911 0.0082013039
8942 0.0081284827
8944 0.0079756206
9103 0.0079401645
9220 0.0079109824
9285 0.0078309720
9411 0.0076497434
9493 0.0076085376
9510 0.0075385911
9570 0.0075221992
9781 0.0074607751
9856 0.0074156072
9945 0.0073963117
10022 0.0073747942
10042 0.0073279824
10043 0.0072314203
10363 0.0071995413
10677 0.0071654116
11029 0.0071654079
11072 0.0071624558
11111 0.0071596598
11117 0.0071468570
11171 0.0071375036
11327 0.0071329651
11349 0.0071285729
11550 0.0071199937
11615 0.0071169277
11704 0.0071130411
11741 0.0071054578
11978 0.0071042611
11991 0.0071028790
12125 0.0071009646
12137 0.0070985084
12350 0.0070967684
12511 0.0070964868
12546 0.0070960737
12660 0.0070937891
12706 0.0070925929
12815 0.0070914684
13256 0.0070914237
13266 0.0070902168
13455 0.0070892931
13521 0.0070884203
13542 0.0070880033
13669 0.0070875437
13808 0.0070874484
13865 0.0070868662
13978 0.0070868048
14401 0.0070867714
14432 0.0070867645
14488 0.0070866044
14533 0.0070864696
14691 0.0070864206
14727 0.0070863104
14896 0.0070863020
14899 0.0070862878
14938 0.0070862627
14964 0.0070862198
14990 0.0070861500
15047 0.0070860673
15255 0.0070860367
15353 0.0070859886
15693 0.0070859663
15704 0.0070859466
15925 0.0070859301
16034 0.0070859273
16257 0.0070858803
16585 0.0070858723
16684 0.0070858685
16959 0.0070858680
16963 0.0070858669
16973 0.0070858614
16982 0.0070858593
17051 0.0070858513
17123 0.0070858503
17210 0.0070858453
17233 0.0070858438
17444 0.0070858421
17512 0.0070858413
17776 0.0070858404
17803 0.0070858402
18027 0.0070858381
18180 0.0070858380
18181 0.0070858364
18193 0.0070858357
18352 0.0070858347
18375 0.0070858329
18485 0.0070858325
18498 0.0070858321
18567 0.0070858306
18578 0.0070858296
18650 0.0070858292
18675 0.0070858290
18857 0.0070858284
18923 0.0070858279
18995 0.0070858278
19047 0.0070858271
19140 0.0070858263
19190 0.0070858259
19239 0.0070858258
19416 0.0070858255
19418 0.0070858253
19456 0.0070858249
19482 0.0070858248
19573 0.0070858247
19686 0.0070858245
19771 0.0070858244
19780 0.0070858243
19814 0.0070858241
19962 0.0070858240
20135 0.0070858237
20354 0.0070858236
20511 0.0070858234
20770 0.0070858233
20832 0.0070858231
21469 0.0070858230
22082 0.0070858229
23414 0.0070858228
24819 0.0070858227
25751 0.0070858226
25993 0.0070858225
27003 0.0070858224
39411 0.0070858222
50000 0.0070858224
evaluations raw_y
1 17.0349683084
2 14.9722666775
5 12.6115847075
6 11.6822439065
7 10.2279078666
9 8.2904706891
12 5.8002762459
117 4.2150170714
180 3.1491162523
371 2.5848951349
1219 2.2908463650
1370 2.0506902582
2844 1.9570102938
3465 1.4959596970
3709 1.4912322839
3867 1.3436827287
4000 1.2209030583
4059 1.0711193501
4142 1.0440052739
4150 0.8099274851
4259 0.7638260497
4330 0.7167130603
4360 0.6636200906
4447 0.6029207471
4603 0.5379917363
4610 0.4883076666
4978 0.4834424960
5015 0.4817194374
5022 0.3676293896
5108 0.3504109131
5168 0.3064916770
5334 0.3022268116
5620 0.2815258097
5888 0.2796362696
5949 0.2538513739
6199 0.2515740505
6352 0.2437252349
6383 0.2227574362
6417 0.2225422087
6592 0.2126693722
6654 0.2095826957
6703 0.2002341025
7077 0.1919748180
7331 0.1918646952
7420 0.1887981482
7585 0.1856840482
7609 0.1851651206
7879 0.1849052554
7954 0.1846202230
7971 0.1815272751
8077 0.1808018381
8660 0.1803597895
8814 0.1793045494
9100 0.1792351438
9149 0.1788727693
9522 0.1787251740
9560 0.1786307055
9968 0.1786285601
10013 0.1785943293
10027 0.1783835511
10318 0.1783559919
10343 0.1783091375
10355 0.1781825070
10427 0.1781363306
10448 0.1780594298
10653 0.1780287990
10728 0.1780152736
10760 0.1779584735
11110 0.1779564681
11160 0.1779014719
11194 0.1778940070
11224 0.1778849536
11299 0.1778666103
11384 0.1778483799
11451 0.1778399964
11484 0.1778341786
11500 0.1778310933
11570 0.1778062813
11613 0.1777899408
11806 0.1777853615
11866 0.1777799996
11913 0.1777575038
12209 0.1777529568
12226 0.1777475332
12283 0.1777433387
12331 0.1777422776
12350 0.1777327003
12428 0.1777315382
12460 0.1777293069
12477 0.1777285615
12507 0.1777248538
12518 0.1777196479
12728 0.1777158642
12784 0.1777153090
12821 0.1777149618
12829 0.1777136966
12844 0.1777110723
12907 0.1777108753
13011 0.1777098619
13219 0.1777094750
13227 0.1777084215
13246 0.1777079656
13251 0.1777042931
13340 0.1777040733
13432 0.1777030326
13595 0.1777027742
13686 0.1777021060
13743 0.1777010713
13772 0.1777009542
13859 0.1776995089
13890 0.1776984475
14199 0.1776978759
14244 0.1776977337
14265 0.1776977304
14335 0.1776967596
14408 0.1776966677
14435 0.1776966602
14486 0.1776966561
14497 0.1776963394
14502 0.1776959450
14503 0.1776959289
14552 0.1776949142
14770 0.1776945258
14918 0.1776940707
15136 0.1776940636
15175 0.1776939490
15250 0.1776939057
15335 0.1776938021
15352 0.1776936317
15420 0.1776935719
15458 0.1776933233
15575 0.1776931828
15727 0.1776931401
15740 0.1776931081
15770 0.1776930485
15771 0.1776930371
15804 0.1776930218
15935 0.1776929747
15939 0.1776929713
15973 0.1776928666
16068 0.1776928628
16277 0.1776928174
16451 0.1776927929
16459 0.1776927677
16597 0.1776927485
16605 0.1776927045
16835 0.1776926999
16860 0.1776926988
16892 0.1776926760
16981 0.1776926549
17532 0.1776926540
17544 0.1776926356
17977 0.1776926331
18073 0.1776926281
18474 0.1776926271
18566 0.1776926264
18598 0.1776926242
18683 0.1776926206
18967 0.1776926202
18979 0.1776926192
19034 0.1776926188
19068 0.1776926181
19093 0.1776926173
19444 0.1776926165
19559 0.1776926162
19610 0.1776926159
19631 0.1776926149
19741 0.1776926147
19883 0.1776926145
20042 0.1776926137
20217 0.1776926133
20278 0.1776926131
20466 0.1776926128
20774 0.1776926125
21151 0.1776926124
21854 0.1776926122
22928 0.1776926121
23253 0.1776926119
24589 0.1776926118
25061 0.1776926116
25911 0.1776926115
27544 0.1776926113
28660 0.1776926112
30453 0.1776926111
31787 0.1776926110
31856 0.1776926109
32820 0.1776926107
33685 0.1776926106
34433 0.1776926105
35819 0.1776926103
36159 0.1776926102
37372 0.1776926101
41193 0.1776926100
46317 0.1776926098
48478 0.1776926097
48971 0.1776926096
49882 0.1776926095
50000 0.1776926100
evaluations raw_y
1 16.4529612227
2 7.5385065766
8 6.0347126288
29 3.9552600349
104 3.6394585522
293 2.6092313465
1186 2.2429428889
3289 2.0682786400
3302 1.3585328014
3638 1.2766724603
3714 1.0482947005
3798 0.7484757162
3881 0.6987968724
3959 0.5664235450
4001 0.4805514209
4274 0.4746566863
4301 0.4231771949
4389 0.3866593406
4395 0.3794558912
4446 0.2988257958
4781 0.2655423903
4829 0.2599545466
4857 0.2566230847
4927 0.2396548392
4943 0.2336532007
4969 0.1840593188
5056 0.1603499314
5325 0.1500453102
5408 0.1394259516
5535 0.1331250244
5577 0.1259282457
5624 0.1241271460
5642 0.1137664172
5746 0.1106209319
5834 0.0927523406
6324 0.0914491850
6426 0.0865689025
6547 0.0865583544
6662 0.0856650327
6669 0.0845963464
6765 0.0826198408
6819 0.0822467503
6823 0.0808807115
6953 0.0792104964
7126 0.0788859669
7182 0.0776591503
7230 0.0752402487
7266 0.0728686212
7361 0.0715106870
7389 0.0710540734
7480 0.0692882942
7652 0.0689454156
7691 0.0679992801
7732 0.0672754624
7899 0.0671404637
7960 0.0664069626
7994 0.0659470247
8177 0.0651171579
8205 0.0649767456
8411 0.0646102130
8455 0.0645671773
8868 0.0642472700
8922 0.0637808720
9172 0.0637799887
9284 0.0636619944
9381 0.0636349514
9382 0.0636064137
9494 0.0635641337
9528 0.0635308855
9595 0.0635259259
9604 0.0632394302
9723 0.0632183622
9820 0.0632111906
9924 0.0631459162
9933 0.0631302708
10036 0.0630521400
10367 0.0630279616
10680 0.0630006510
10732 0.0629946691
10927 0.0629808807
11092 0.0629778173
11188 0.0629676176
11265 0.0629622813
11275 0.0629597021
11339 0.0629280479
11618 0.0629230650
11672 0.0629146090
11784 0.0629081845
11926 0.0629060904
12233 0.0628964918
12611 0.0628957320
12673 0.0628950890
12761 0.0628925531
12924 0.0628923457
13231 0.0628914342
13273 0.0628906416
13393 0.0628900558
13555 0.0628898564
13595 0.0628886343
13731 0.0628870058
13986 0.0628865745
14079 0.0628861998
14090 0.0628859796
14107 0.0628858643
14521 0.0628857295
14825 0.0628853214
15003 0.0628853167
15327 0.0628853162
15391 0.0628853078
15410 0.0628851768
15515 0.0628851561
15517 0.0628851380
15625 0.0628851015
15674 0.0628850520
15758 0.0628850253
15822 0.0628849689
15880 0.0628849682
15935 0.0628849626
15948 0.0628849227
15965 0.0628848810
16003 0.0628848519
16120 0.0628848240
16365 0.0628848013
16723 0.0628847975
16748 0.0628847961
16807 0.0628847813
16869 0.0628847807
16941 0.0628847752
16972 0.0628847730
16984 0.0628847636
17139 0.0628847620
17232 0.0628847534
17300 0.0628847462
17331 0.0628847450
17348 0.0628847390
17473 0.0628847381
17493 0.0628847376
17529 0.0628847316
17689 0.0628847230
17811 0.0628847211
17812 0.0628847187
17836 0.0628847181
17871 0.0628847163
18022 0.0628847145
18040 0.0628847130
18305 0.0628847063
18519 0.0628847057
18688 0.0628847056
18700 0.0628847049
18756 0.0628847047
18802 0.0628847020
19281 0.0628847012
19517 0.0628847007
19551 0.0628847004
19683 0.0628847003
19898 0.0628847002
19907 0.0628847000
20150 0.0628846998
20280 0.0628846996
20457 0.0628846995
20525 0.0628846994
20660 0.0628846993
20794 0.0628846992
20926 0.0628846990
21485 0.0628846989
21689 0.0628846988
22142 0.0628846986
50000 0.0628846992
evaluations raw_y
1 19.3584360953
3 15.2204329567
4 6.1794448782
69 4.5484316156
265 4.5293064839
277 4.4028702242
551 3.8894795021
829 1.7370011456
1480 1.6777911475
3488 1.2847553789
3608 0.9183986070
3628 0.6942140746
4036 0.5118435470
4252 0.3704580578
4810 0.2841603526
5176 0.2689696123
5182 0.2662846023
5186 0.2308076725
5669 0.1967536600
5672 0.1664520065
5819 0.1660004447
5933 0.1573970863
6007 0.1455375637
6274 0.1430980621
6304 0.1324430979
6348 0.1302976484
6413 0.1205674510
6798 0.1125070655
7005 0.1060690432
7869 0.1048530571
8090 0.1046774512
8093 0.1034753356
8198 0.1030458877
8214 0.1020242250
8375 0.1018097171
8449 0.1012562792
8532 0.1012500431
8581 0.1008095153
8625 0.1005279966
8940 0.1004100371
8948 0.1000462714
9102 0.0998349710
9234 0.0993591257
9433 0.0988114925
9765 0.0986173173
10128 0.0985375919
10212 0.0985249580
10265 0.0984699864
10323 0.0984425221
10522 0.0984294559
10568 0.0984216020
10601 0.0984177466
10654 0.0983926151
10658 0.0983867447
10671 0.0983445286
10689 0.0982751993
10838 0.0982694540
10914 0.0982215013
10946 0.0982168062
11021 0.0982139978
11117 0.0981876804
11206 0.0981768577
11238 0.0981751870
11245 0.0981606548
11370 0.0981595274
11385 0.0981519309
11412 0.0981297607
11516 0.0981115004
11739 0.0981058856
11857 0.0980932015
12309 0.0980897441
12330 0.0980874626
12389 0.0980842195
12400 0.0980816443
12536 0.0980804606
12541 0.0980785599
12612 0.0980783747
12698 0.0980776501
12747 0.0980774734
12760 0.0980771026
12952 0.0980758057
12957 0.0980752732
12975 0.0980752040
13002 0.0980747641
13022 0.0980747214
13049 0.0980711368
13084 0.0980698320
13157 0.0980694864
13385 0.0980690032
13433 0.0980685250
13435 0.0980682400
13466 0.0980671806
13490 0.0980668664
13499 0.0980664958
13611 0.0980652461
13968 0.0980650260
13986 0.0980650119
14003 0.0980648864
14058 0.0980648690
14061 0.0980641818
14211 0.0980634494
14345 0.0980634276
14386 0.0980631490
14643 0.0980628475
14771 0.0980626927
15316 0.0980626801
15336 0.0980626394
15372 0.0980625780
15383 0.0980625058
15476 0.0980625042
15552 0.0980624294
15567 0.0980623503
15617 0.0980622934
16042 0.0980622674
16184 0.0980622523
16253 0.0980622461
16313 0.0980622049
16317 0.0980621885
16372 0.0980621838
16516 0.0980621629
16792 0.0980621617
16804 0.0980621477
16868 0.0980621374
16942 0.0980621257
16972 0.0980621123
17284 0.0980621103
17546 0.0980621096
17563 0.0980621010
17626 0.0980620979
17652 0.0980620969
17656 0.0980620943
17847 0.0980620897
17989 0.0980620895
18039 0.0980620870
18083 0.0980620847
18120 0.0980620809
18178 0.0980620772
18757 0.0980620753
19073 0.0980620750
19182 0.0980620746
19470 0.0980620740
19601 0.0980620735
19683 0.0980620733
19823 0.0980620731
19842 0.0980620728
20088 0.0980620725
20300 0.0980620722
21035 0.0980620720
23799 0.0980620719
24062 0.0980620717
28765 0.0980620716
31546 0.0980620715
32103 0.0980620714
34553 0.0980620712
40325 0.0980620711
43744 0.0980620710
45865 0.0980620708
47266 0.0980620707
48368 0.0980620706
50000 0.0980620712
evaluations raw_y
1 16.0584190585
2 12.2817008689
4 8.4573134810
6 6.6878412552
26 5.8664668578
82 5.8621733022
135 3.5947309979
470 3.2491720491
618 2.7411743324
856 1.9380671816
3355 1.3686695667
3782 1.2578753746
3785 1.1934607991
3893 1.1628428486
3899 1.1130293826
4135 0.7726306333
4382 0.7622028521
4434 0.7402095757
4537 0.5588097479
4711 0.5502555808
4788 0.5045037571
4914 0.4594564273
4934 0.4310765781
5005 0.4284623618
5077 0.3845471476
5116 0.3136543652
5470 0.2858262108
5658 0.2751979178
5834 0.2663777929
5991 0.2609287619
6081 0.2569723592
6083 0.2486577514
6166 0.2460156445
6176 0.2381796747
6297 0.2322922126
6400 0.2234555126
6512 0.2227159876
6605 0.2220693796
6661 0.2190040909
6721 0.2091627602
7170 0.2084737735
7242 0.2052379746
7381 0.2051534137
7384 0.2027971952
7412 0.2015846639
7554 0.1994500535
7637 0.1957350885
8256 0.1942379624
8434 0.1933276064
8955 0.1930909555
9166 0.1927925787
9189 0.1926842160
9300 0.1924212853
9354 0.1923733415
9437 0.1921884547
9480 0.1921615289
9635 0.1919097245
10101 0.1918770478
10194 0.1918748710
10246 0.1918687186
10284 0.1917225736
10387 0.1917068231
10437 0.1916071864
10804 0.1915999272
11007 0.1915916444
11055 0.1915766708
11082 0.1915564629
11110 0.1915235979
11374 0.1915183058
11445 0.1915106139
11474 0.1915040085
11619 0.1914673543
11897 0.1914573607
11967 0.1914560018
11985 0.1914558541
11996 0.1914459909
12093 0.1914420747
12103 0.1914390669
12134 0.1914367532
12240 0.1914360831
12310 0.1914261862
12532 0.1914232360
12697 0.1914230052
12714 0.1914224882
12728 0.1914183500
12805 0.1914163565
13167 0.1914157563
13197 0.1914151077
13243 0.1914133193
13334 0.1914116646
13389 0.1914106132
13474 0.1914102410
13677 0.1914097561
13869 0.1914084737
13958 0.1914083500
13968 0.1914076007
13971 0.1914072330
13984 0.1914070021
14381 0.1914057539
14678 0.1914054430
15246 0.1914054283
15379 0.1914053561
15407 0.1914052914
15437 0.1914052678
15529 0.1914052019
15599 0.1914051385
15770 0.1914051222
15955 0.1914049611
16169 0.1914049072
16261 0.1914049040
16365 0.1914048756
16487 0.1914048341
17133 0.1914048301
17159 0.1914048296
17164 0.1914048244
17206 0.1914048189
17214 0.1914048037
17301 0.1914048022
17388 0.1914047919
17497 0.1914047842
17531 0.1914047836
17536 0.1914047727
17761 0.1914047704
17784 0.1914047693
17986 0.1914047647
18184 0.1914047620
18220 0.1914047609
18251 0.1914047604
18291 0.1914047559
18802 0.1914047557
18891 0.1914047554
18926 0.1914047542
18987 0.1914047536
19115 0.1914047533
19144 0.1914047525
19225 0.1914047519
19352 0.1914047517
19389 0.1914047515
19445 0.1914047509
19534 0.1914047505
19584 0.1914047502
19620 0.1914047499
19635 0.1914047495
19732 0.1914047493
19931 0.1914047491
20086 0.1914047489
20383 0.1914047485
20696 0.1914047483
22147 0.1914047482
23178 0.1914047481
33015 0.1914047480
50000 0.1914047487
evaluations raw_y
1 8.3305607499
19 6.4594106567
21 3.7988283249
85 3.7363660109
406 3.2238173851
785 2.8206279865
2581 2.0007178985
3651 1.9731149065
3728 1.6067028291
3878 1.4448083992
3885 1.0963586601
3909 1.0617916455
3961 0.8907962278
3984 0.8572948071
4012 0.4716912261
4067 0.3572836812
4244 0.3176715389
4327 0.2742125571
4352 0.2378878763
4596 0.1806092213
4606 0.1040780737
4894 0.0973606636
5180 0.0969373898
5196 0.0920851337
5328 0.0908066217
5367 0.0810101984
5394 0.0796178459
5411 0.0750918198
5424 0.0665742494
5558 0.0534679707
5716 0.0444207949
5734 0.0440718874
5740 0.0397411587
5953 0.0375511536
6005 0.0315838306
6129 0.0267116931
6199 0.0255350721
6238 0.0178597738
6871 0.0158502350
6894 0.0148556219
6992 0.0120897496
7568 0.0104867530
7606 0.0101343287
7711 0.0094408103
7741 0.0090036236
7837 0.0089578802
7911 0.0085695554
8058 0.0080382014
8250 0.0078378489
8344 0.0077551015
8488 0.0075134904
8674 0.0072632169
8721 0.0071612619
8922 0.0069425457
9029 0.0068343191
9180 0.0067022829
9515 0.0064998031
10035 0.0064814658
10130 0.0064763358
10227 0.0064656547
10236 0.0064215503
10370 0.0064198421
10389 0.0064047054
10449 0.0063886792
10605 0.0063651091
10774 0.0063443038
10897 0.0063408622
10968 0.0063203068
11211 0.0062947781
11518 0.0062880514
11580 0.0062867255
11622 0.0062822766
11651 0.0062807264
11772 0.0062777510
11932 0.0062732023
12410 0.0062722171
12456 0.0062689068
12767 0.0062674437
12772 0.0062651325
12807 0.0062642010
13034 0.0062639889
13035 0.0062637316
13113 0.0062605317
13582 0.0062601320
13720 0.0062600457
13950 0.0062600053
13959 0.0062595027
14033 0.0062594533
14054 0.0062586248
14200 0.0062582749
14334 0.0062582373
14407 0.0062581897
14602 0.0062581687
14645 0.0062578830
14801 0.0062578371
14946 0.0062578229
14959 0.0062578164
14988 0.0062576953
15049 0.0062576936
15080 0.0062576617
15099 0.0062576059
15126 0.0062575852
15246 0.0062575645
15249 0.0062575221
15390 0.0062574514
15732 0.0062574458
15779 0.0062574328
15827 0.0062574016
15889 0.0062574000
16056 0.0062573961
16142 0.0062573947
16144 0.0062573873
16158 0.0062573636
16234 0.0062573582
16325 0.0062573553
16336 0.0062573374
16396 0.0062573338
16415 0.0062573009
16626 0.0062572920
16904 0.0062572730
16935 0.0062572707
17087 0.0062572671
17282 0.0062572654
17410 0.0062572628
17454 0.0062572586
17578 0.0062572571
17619 0.0062572507
17846 0.0062572506
17857 0.0062572500
17925 0.0062572498
18049 0.0062572483
18106 0.0062572479
18146 0.0062572468
18161 0.0062572448
18328 0.0062572445
18357 0.0062572443
18362 0.0062572416
18796 0.0062572402
19036 0.0062572399
19301 0.0062572392
19475 0.0062572388
19797 0.0062572386
19808 0.0062572383
20080 0.0062572381
20113 0.0062572380
20398 0.0062572379
20488 0.0062572377
20923 0.0062572376
21517 0.0062572375
22911 0.0062572374
24051 0.0062572373
25060 0.0062572371
26907 0.0062572370
27651 0.0062572369
29194 0.0062572368
30245 0.0062572367
30814 0.0062572366
31357 0.0062572365
33940 0.0062572364
34533 0.0062572362
37091 0.0062572361
38183 0.0062572360
40009 0.0062572359
41283 0.0062572357
42330 0.0062572356
43769 0.0062572355
46634 0.0062572354
48161 0.0062572353
49839 0.0062572351
50000 0.0062572354
evaluations raw_y
1 24.4320454053
2 12.8076482799
7 11.4898008983
8 11.4772657262
10 7.2607351068
20 4.3089201124
37 4.2027466790
229 3.1946103385
760 3.1036908811
789 3.0553585313
2098 1.8376306961
3278 1.5816822250
3385 1.0596351695
3785 1.0019956315
3827 0.9449606600
3874 0.8989440129
3891 0.8513365092
3910 0.7182002875
4058 0.6273151213
4206 0.5993834291
4237 0.5325942394
4314 0.3972413599
4318 0.2153263354
4811 0.2064932723
5049 0.1922808638
5296 0.1616901123
5376 0.1566566057
5459 0.1544092265
5497 0.1184147003
5616 0.1150645535
5704 0.1141694216
5759 0.1115796920
5843 0.1100908073
5855 0.1088807649
5897 0.0848318878
6345 0.0813017826
6431 0.0759734496
6530 0.0759402908
6565 0.0701437490
6849 0.0689828735
6922 0.0682431498
6929 0.0650783833
6936 0.0638468434
7046 0.0636897809
7176 0.0636227672
7197 0.0599523851
7398 0.0584573164
7544 0.0579612576
7589 0.0576340224
7681 0.0569004108
7830 0.0563380621
7905 0.0555270442
7974 0.0539620448
8258 0.0538679540
8436 0.0538378278
8524 0.0537616042
8668 0.0533923001
8897 0.0532225038
8899 0.0528458888
9107 0.0527719642
9111 0.0523782368
9386 0.0523413694
9387 0.0523304484
9406 0.0522795176
9430 0.0520919862
9534 0.0520301380
9747 0.0519077559
9985 0.0518960471
10038 0.0518603346
10213 0.0518567029
10299 0.0517875158
10389 0.0517729926
10611 0.0517271331
10706 0.0516837284
11024 0.0516630179
11026 0.0516594986
11070 0.0516470315
11129 0.0516446984
11187 0.0516376882
11259 0.0516330561
11393 0.0516300915
11418 0.0515981466
11554 0.0515917445
12216 0.0515895838
12244 0.0515881958
12255 0.0515866339
12291 0.0515849002
12309 0.0515827676
12417 0.0515819898
12421 0.0515811836
12424 0.0515800048
12440 0.0515766936
12525 0.0515763356
12541 0.0515751936
12586 0.0515751458
12719 0.0515744622
12787 0.0515724860
12817 0.0515715132
12881 0.0515694721
12939 0.0515680852
13087 0.0515658579
13283 0.0515658074
13510 0.0515649241
13552 0.0515648739
13578 0.0515640866
13798 0.0515640134
13823 0.0515640038
13908 0.0515635209
13973 0.0515631207
14105 0.0515627840
14356 0.0515627765
14410 0.0515624795
14457 0.0515619530
14864 0.0515619386
14872 0.0515618575
14903 0.0515617814
15080 0.0515617688
15088 0.0515617483
15173 0.0515616894
15211 0.0515616883
15288 0.0515616757
15295 0.0515614216
15525 0.0515613066
15620 0.0515611470
16619 0.0515611193
16694 0.0515611174
16761 0.0515611048
16789 0.0515610804
16998 0.0515610758
17024 0.0515610714
17095 0.0515610712
17181 0.0515610646
17185 0.0515610630
17244 0.0515610576
17324 0.0515610490
17506 0.0515610406
17626 0.0515610388
17748 0.0515610328
17833 0.0515610325
17918 0.0515610323
17932 0.0515610286
18098 0.0515610235
18450 0.0515610230
18506 0.0515610222
18513 0.0515610217
18576 0.0515610197
18615 0.0515610195
18641 0.0515610183
18851 0.0515610170
19229 0.0515610167
19272 0.0515610165
19582 0.0515610162
19619 0.0515610157
19663 0.0515610155
19752 0.0515610148
20138 0.0515610147
20242 0.0515610146
20257 0.0515610144
20306 0.0515610142
20425 0.0515610141
20709 0.0515610138
34147 0.0515610137
40413 0.0515610136
48220 0.0515610135
50000 0.0515610138
evaluations raw_y
1 14.9608357541
3 14.6800547807
4 12.9546943508
5 9.2912538786
16 8.2388024297
19 7.7331854131
41 3.5729417819
65 3.2836350678
1485 2.0387954964
3664 1.7764380706
3838 1.5883562641
3873 1.5538482441
3875 1.0498222792
3966 0.9861660923
4032 0.7975533533
4101 0.6710764968
4346 0.5578112721
4559 0.5481664857
4567 0.5038419147
4598 0.4724420319
4634 0.3729223020
4804 0.3223988568
4896 0.3120191884
4905 0.2770993103
5226 0.2427458878
5391 0.2127678523
5415 0.2095714046
5422 0.2032915872
5425 0.1505876869
5546 0.1406120428
5566 0.1272456592
5724 0.1123476523
5735 0.1106375858
5803 0.0882412535
6115 0.0829368712
6223 0.0815695712
6246 0.0787917116
6400 0.0711866181
6696 0.0706112051
6767 0.0691637043
7037 0.0687883264
7147 0.0647718510
7253 0.0638742400
7282 0.0626865637
7338 0.0602016586
7492 0.0594181398
7629 0.0591730074
7693 0.0586126565
7849 0.0582825478
7895 0.0582444859
7939 0.0580875554
7992 0.0572755995
8099 0.0566751028
8214 0.0565920188
8223 0.0561438754
8318 0.0561100647
8330 0.0557996060
8455 0.0557572334
8510 0.0554929730
8518 0.0554136247
8640 0.0552258519
8655 0.0550525364
8691 0.0548449223
8734 0.0545124821
8765 0.0542006468
8801 0.0541951827
8851 0.0541538472
8852 0.0540958833
8897 0.0538852793
8939 0.0538045904
8955 0.0537479670
8983 0.0537344710
9045 0.0534055250
9073 0.0530781517
9154 0.0528136343
9322 0.0526997666
9435 0.0526059642
9482 0.0524426747
9705 0.0523274097
9784 0.0522625811
9785 0.0521741565
9883 0.0521128967
9890 0.0520653260
9988 0.0520634746
9994 0.0519936846
10229 0.0519746727
10240 0.0519016669
10266 0.0518891039
10363 0.0518491012
10380 0.0517934391
10396 0.0517819358
10451 0.0517735488
10461 0.0517153084
10509 0.0516764762
10616 0.0516453514
10779 0.0516367445
10820 0.0516056458
10901 0.0515690614
11069 0.0515626997
11071 0.0515469201
11312 0.0515445136
11340 0.0514961943
11504 0.0514790072
11638 0.0514752218
11712 0.0514660815
11736 0.0514570689
11848 0.0514497443
12161 0.0514484371
12206 0.0514412998
12515 0.0514404222
12550 0.0514392166
12772 0.0514376750
12812 0.0514342924
12843 0.0514338640
12891 0.0514338435
12908 0.0514329039
12922 0.0514315739
12938 0.0514291881
13042 0.0514278211
13060 0.0514255843
13171 0.0514224782
13431 0.0514219088
13476 0.0514212981
13719 0.0514211379
13816 0.0514204616
13843 0.0514202706
13959 0.0514198898
14011 0.0514196657
14014 0.0514196133
14031 0.0514194498
14075 0.0514194309
14136 0.0514190014
14252 0.0514186123
14408 0.0514185645
14438 0.0514185543
14465 0.0514182881
14466 0.0514180778
14497 0.0514177268
14733 0.0514176722
14854 0.0514176263
14855 0.0514174086
14875 0.0514173210
14937 0.0514172753
15032 0.0514171137
15074 0.0514170525
15146 0.0514170484
15383 0.0514170090
15403 0.0514168971
15508 0.0514168501
15576 0.0514166674
15739 0.0514166490
16060 0.0514165985
16326 0.0514165801
16376 0.0514165285
16811 0.0514165110
17029 0.0514165102
17035 0.0514165061
17098 0.0514165018
17265 0.0514164978
17350 0.0514164902
17395 0.0514164729
17550 0.0514164717
17570 0.0514164714
17591 0.0514164638
17755 0.0514164636
17757 0.0514164550
18145 0.0514164539
18261 0.0514164528
18298 0.0514164484
18619 0.0514164475
18763 0.0514164473
18766 0.0514164469
18769 0.0514164465
18796 0.0514164463
18800 0.0514164447
18850 0.0514164444
18935 0.0514164440
19073 0.0514164436
19135 0.0514164412
19466 0.0514164406
19665 0.0514164404
19673 0.0514164400
19864 0.0514164397
19991 0.0514164395
20059 0.0514164393
20097 0.0514164391
20261 0.0514164390
20309 0.0514164388
20644 0.0514164387
20691 0.0514164385
21161 0.0514164383
21335 0.0514164382
21536 0.0514164381
22093 0.0514164380
24176 0.0514164378
27216 0.0514164377
28593 0.0514164376
31378 0.0514164375
33066 0.0514164374
33869 0.0514164371
36233 0.0514164370
37814 0.0514164368
38898 0.0514164367
40014 0.0514164366
42238 0.0514164365
43601 0.0514164364
44519 0.0514164362
45549 0.0514164361
47172 0.0514164360
49631 0.0514164358
50000 0.0514164366
evaluations raw_y
1 10.7194641913
2 7.5552647313
17 3.4329901354
143 3.0750602022
358 2.7526418981
630 2.4989878197
3044 2.2338497610
3182 1.8362710713
3304 1.7869148341
3355 0.7543164731
4020 0.7080749836
4142 0.6527052756
4167 0.6447214883
4181 0.6439365154
4253 0.5911893579
4260 0.5187982900
4359 0.2643916969
4564 0.2129876796
5061 0.2124772537
5222 0.1930315517
5263 0.1704782590
5398 0.1674278101
5406 0.1662879973
5515 0.1468952267
5568 0.1348819318
5613 0.1256980347
5670 0.1161692708
6308 0.1157142670
6310 0.1072445552
6405 0.1056318989
6471 0.1028320514
6494 0.0965985234
6522 0.0928636379
6552 0.0920917574
6572 0.0905145524
6689 0.0899697325
6743 0.0858645120
6784 0.0853557078
6820 0.0832300198
6831 0.0810921536
7147 0.0789218745
7282 0.0787627639
7320 0.0768049841
7379 0.0766141672
7477 0.0750708553
7663 0.0737189517
7702 0.0734359678
7840 0.0730765859
7913 0.0729812975
7951 0.0725565382
7980 0.0723246218
8095 0.0721732925
8298 0.0716825338
8432 0.0713380693
8435 0.0709077547
8519 0.0704824086
8561 0.0703559416
8699 0.0701054134
8823 0.0700855304
8942 0.0697221331
8969 0.0696496621
9040 0.0695409711
9134 0.0693843430
9162 0.0693717924
9194 0.0692920321
9258 0.0690001325
9446 0.0689927020
9456 0.0687423064
9697 0.0686864428
9768 0.0686658406
9776 0.0686095650
10046 0.0684773886
10499 0.0684628662
10533 0.0684374968
10634 0.0684266699
10685 0.0684073279
10707 0.0683994310
10715 0.0683961363
10762 0.0683643893
10918 0.0683591211
10929 0.0683293135
11417 0.0683265791
11456 0.0683222823
11513 0.0683220804
11568 0.0683188284
11572 0.0683186498
11624 0.0683117430
11678 0.0683052864
11686 0.0683014987
11844 0.0682879092
12098 0.0682829545
12304 0.0682800576
12525 0.0682781817
12788 0.0682781133
12879 0.0682777834
12925 0.0682772224
12960 0.0682770359
12969 0.0682750254
12970 0.0682715687
13435 0.0682715653
13475 0.0682709362
13726 0.0682693352
13753 0.0682691946
14513 0.0682691363
14514 0.0682688067
14831 0.0682686091
15115 0.0682683534
15257 0.0682682894
15365 0.0682681699
15514 0.0682681226
15797 0.0682681157
15914 0.0682680793
16166 0.0682680338
16451 0.0682680250
16583 0.0682680052
16698 0.0682679891
16743 0.0682679858
16854 0.0682679828
16881 0.0682679750
17032 0.0682679737
17158 0.0682679592
17493 0.0682679529
17612 0.0682679517
17679 0.0682679501
17814 0.0682679488
17986 0.0682679483
18067 0.0682679470
18077 0.0682679449
18154 0.0682679447
18286 0.0682679441
18361 0.0682679432
18529 0.0682679423
18580 0.0682679419
18591 0.0682679410
18887 0.0682679404
18948 0.0682679402
18981 0.0682679394
19217 0.0682679389
19341 0.0682679388
19366 0.0682679380
19544 0.0682679376
19832 0.0682679375
19873 0.0682679372
20113 0.0682679371
20814 0.0682679370
21319 0.0682679367
50000 0.0682679372
