evaluations raw_y
1 -849.0000000000
2 -648.0000000000
5 -509.0000000000
11 -470.0000000000
34 -432.0000000000
49 -409.0000000000
50 -386.0000000000
51 -363.0000000000
81 -332.0000000000
94 -301.0000000000
108 -286.0000000000
111 -255.0000000000
129 -232.0000000000
137 -224.0000000000
143 -217.0000000000
151 -178.0000000000
169 -155.0000000000
192 -140.0000000000
206 -109.0000000000
229 -94.0000000000
248 -86.0000000000
272 -79.0000000000
289 -72.0000000000
295 -56.0000000000
308 -40.0000000000
323 -25.0000000000
347 -18.0000000000
349 -3.0000000000
417 -2.0000000000
477 5.0000000000
500 6.0000000000
677 7.0000000000
5000 -16.0000000000
evaluations raw_y
1 -733.0000000000
4 -555.0000000000
18 -540.0000000000
19 -516.0000000000
27 -463.0000000000
38 -431.0000000000
40 -416.0000000000
51 -385.0000000000
81 -354.0000000000
98 -324.0000000000
109 -301.0000000000
128 -239.0000000000
144 -215.0000000000
154 -208.0000000000
171 -193.0000000000
173 -192.0000000000
177 -162.0000000000
186 -108.0000000000
199 -101.0000000000
207 -92.0000000000
225 -86.0000000000
246 -85.0000000000
250 -78.0000000000
259 -71.0000000000
260 -56.0000000000
272 -26.0000000000
299 -11.0000000000
320 -4.0000000000
355 -3.0000000000
413 -2.0000000000
462 -1.0000000000
473 5.0000000000
495 6.0000000000
561 7.0000000000
5000 0.0000000000
evaluations raw_y
1 -726.0000000000
2 -417.0000000000
27 -416.0000000000
46 -401.0000000000
54 -385.0000000000
59 -331.0000000000
75 -308.0000000000
92 -270.0000000000
110 -247.0000000000
115 -239.0000000000
141 -216.0000000000
153 -193.0000000000
179 -177.0000000000
195 -170.0000000000
205 -163.0000000000
220 -148.0000000000
223 -132.0000000000
231 -109.0000000000
245 -78.0000000000
260 -71.0000000000
261 -48.0000000000
275 -47.0000000000
300 -33.0000000000
320 -32.0000000000
331 -25.0000000000
351 -10.0000000000
366 -4.0000000000
405 -3.0000000000
410 -2.0000000000
427 4.0000000000
441 5.0000000000
549 6.0000000000
800 7.0000000000
5000 -24.0000000000
evaluations raw_y
1 -772.0000000000
2 -555.0000000000
5 -455.0000000000
27 -393.0000000000
34 -332.0000000000
49 -301.0000000000
50 -278.0000000000
60 -255.0000000000
62 -239.0000000000
79 -224.0000000000
87 -223.0000000000
89 -178.0000000000
104 -147.0000000000
124 -124.0000000000
136 -116.0000000000
139 -101.0000000000
174 -86.0000000000
181 -79.0000000000
202 -71.0000000000
203 -48.0000000000
208 -42.0000000000
232 -33.0000000000
235 -27.0000000000
261 -20.0000000000
267 -19.0000000000
270 -12.0000000000
274 -9.0000000000
298 -5.0000000000
326 -1.0000000000
339 2.0000000000
350 3.0000000000
363 5.0000000000
385 6.0000000000
444 7.0000000000
5000 6.0000000000
evaluations raw_y
1 -563.0000000000
6 -517.0000000000
16 -470.0000000000
20 -463.0000000000
21 -440.0000000000
28 -378.0000000000
47 -377.0000000000
49 -346.0000000000
50 -331.0000000000
54 -324.0000000000
59 -301.0000000000
80 -278.0000000000
88 -225.0000000000
109 -194.0000000000
111 -171.0000000000
138 -163.0000000000
142 -148.0000000000
151 -125.0000000000
169 -118.0000000000
173 -102.0000000000
186 -79.0000000000
199 -64.0000000000
206 -35.0000000000
230 -34.0000000000
260 -27.0000000000
261 -26.0000000000
317 -19.0000000000
323 -11.0000000000
324 4.0000000000
352 5.0000000000
409 6.0000000000
535 7.0000000000
5000 -8.0000000000
evaluations raw_y
1 -672.0000000000
5 -571.0000000000
15 -532.0000000000
33 -478.0000000000
34 -447.0000000000
49 -424.0000000000
50 -393.0000000000
55 -316.0000000000
79 -301.0000000000
80 -278.0000000000
85 -224.0000000000
112 -200.0000000000
113 -177.0000000000
114 -154.0000000000
144 -139.0000000000
151 -116.0000000000
162 -101.0000000000
166 -79.0000000000
170 -64.0000000000
220 -18.0000000000
230 -17.0000000000
257 -3.0000000000
441 -2.0000000000
619 -1.0000000000
678 6.0000000000
5000 -17.0000000000
evaluations raw_y
1 -679.0000000000
2 -424.0000000000
42 -370.0000000000
49 -347.0000000000
51 -324.0000000000
62 -316.0000000000
81 -293.0000000000
89 -278.0000000000
96 -262.0000000000
99 -154.0000000000
111 -131.0000000000
120 -123.0000000000
139 -116.0000000000
142 -108.0000000000
181 -100.0000000000
202 -78.0000000000
204 -71.0000000000
205 -62.0000000000
227 -32.0000000000
230 -25.0000000000
243 -17.0000000000
325 -11.0000000000
332 -10.0000000000
397 -3.0000000000
439 4.0000000000
456 5.0000000000
482 6.0000000000
5000 -1.0000000000
evaluations raw_y
1 -811.0000000000
2 -726.0000000000
3 -640.0000000000
5 -594.0000000000
8 -539.0000000000
11 -471.0000000000
33 -448.0000000000
51 -417.0000000000
54 -409.0000000000
65 -393.0000000000
66 -332.0000000000
81 -309.0000000000
94 -185.0000000000
139 -154.0000000000
141 -139.0000000000
155 -78.0000000000
194 -71.0000000000
195 -63.0000000000
207 -40.0000000000
235 -34.0000000000
238 -33.0000000000
239 -18.0000000000
267 -11.0000000000
276 -4.0000000000
326 3.0000000000
351 4.0000000000
411 5.0000000000
471 6.0000000000
5000 -17.0000000000
evaluations raw_y
1 -618.0000000000
5 -594.0000000000
7 -587.0000000000
18 -518.0000000000
30 -486.0000000000
34 -455.0000000000
36 -440.0000000000
43 -370.0000000000
49 -355.0000000000
51 -340.0000000000
68 -332.0000000000
75 -316.0000000000
79 -293.0000000000
83 -278.0000000000
87 -254.0000000000
99 -162.0000000000
139 -139.0000000000
147 -116.0000000000
149 -109.0000000000
189 -86.0000000000
200 -63.0000000000
221 -56.0000000000
229 -41.0000000000
231 -34.0000000000
237 -33.0000000000
238 -32.0000000000
259 -25.0000000000
262 -18.0000000000
270 -4.0000000000
279 -3.0000000000
328 3.0000000000
330 4.0000000000
350 5.0000000000
427 6.0000000000
5000 -17.0000000000
evaluations raw_y
1 -547.0000000000
3 -394.0000000000
31 -339.0000000000
51 -308.0000000000
61 -254.0000000000
98 -247.0000000000
110 -240.0000000000
113 -231.0000000000
115 -163.0000000000
147 -148.0000000000
148 -139.0000000000
157 -125.0000000000
169 -102.0000000000
170 -87.0000000000
177 -65.0000000000
178 -48.0000000000
204 -42.0000000000
217 -34.0000000000
228 -27.0000000000
229 -12.0000000000
230 -5.0000000000
259 -4.0000000000
261 -3.0000000000
288 3.0000000000
308 4.0000000000
351 5.0000000000
400 6.0000000000
410 7.0000000000
1013 8.0000000000
5000 -23.0000000000
evaluations raw_y
1 -579.0000000000
4 -548.0000000000
10 -524.0000000000
22 -416.0000000000
27 -377.0000000000
50 -346.0000000000
57 -300.0000000000
79 -277.0000000000
80 -254.0000000000
90 -239.0000000000
114 -223.0000000000
121 -162.0000000000
173 -147.0000000000
182 -101.0000000000
202 -93.0000000000
212 -86.0000000000
224 -78.0000000000
229 -63.0000000000
231 -56.0000000000
246 -48.0000000000
271 -40.0000000000
279 -18.0000000000
344 -10.0000000000
370 -3.0000000000
414 -2.0000000000
460 -1.0000000000
620 6.0000000000
5000 5.0000000000
evaluations raw_y
1 -818.0000000000
3 -617.0000000000
4 -548.0000000000
16 -463.0000000000
22 -447.0000000000
36 -432.0000000000
50 -409.0000000000
63 -393.0000000000
64 -378.0000000000
79 -347.0000000000
88 -323.0000000000
109 -292.0000000000
110 -269.0000000000
111 -246.0000000000
118 -209.0000000000
140 -186.0000000000
146 -147.0000000000
213 -139.0000000000
221 -124.0000000000
223 -93.0000000000
227 -86.0000000000
238 -78.0000000000
244 -63.0000000000
263 -48.0000000000
289 -41.0000000000
293 -33.0000000000
294 -26.0000000000
300 -19.0000000000
316 -18.0000000000
319 -17.0000000000
328 -11.0000000000
350 -10.0000000000
435 -3.0000000000
472 -2.0000000000
503 5.0000000000
535 6.0000000000
761 7.0000000000
5000 -16.0000000000
evaluations raw_y
1 -811.0000000000
2 -555.0000000000
21 -409.0000000000
44 -332.0000000000
50 -309.0000000000
70 -254.0000000000
79 -223.0000000000
133 -216.0000000000
141 -193.0000000000
146 -169.0000000000
159 -93.0000000000
203 -86.0000000000
204 -71.0000000000
215 -54.0000000000
234 -31.0000000000
262 -24.0000000000
311 -16.0000000000
350 -9.0000000000
381 -2.0000000000
394 -1.0000000000
433 6.0000000000
5000 -9.0000000000
evaluations raw_y
1 -633.0000000000
3 -618.0000000000
6 -571.0000000000
9 -540.0000000000
18 -370.0000000000
49 -347.0000000000
51 -324.0000000000
53 -316.0000000000
54 -285.0000000000
81 -262.0000000000
90 -261.0000000000
108 -231.0000000000
110 -200.0000000000
111 -177.0000000000
139 -162.0000000000
144 -154.0000000000
147 -140.0000000000
169 -125.0000000000
179 -93.0000000000
203 -86.0000000000
230 -71.0000000000
236 -56.0000000000
287 -48.0000000000
295 -41.0000000000
327 -34.0000000000
346 -32.0000000000
395 -17.0000000000
409 -10.0000000000
424 -3.0000000000
444 -2.0000000000
464 3.0000000000
481 5.0000000000
611 6.0000000000
5000 5.0000000000
evaluations raw_y
1 -648.0000000000
2 -409.0000000000
26 -377.0000000000
49 -354.0000000000
50 -331.0000000000
61 -293.0000000000
78 -254.0000000000
80 -247.0000000000
94 -239.0000000000
103 -208.0000000000
114 -193.0000000000
138 -186.0000000000
139 -155.0000000000
140 -140.0000000000
141 -109.0000000000
177 -95.0000000000
186 -93.0000000000
202 -80.0000000000
204 -79.0000000000
210 -78.0000000000
217 -71.0000000000
231 -56.0000000000
236 -40.0000000000
240 -25.0000000000
304 -11.0000000000
328 -4.0000000000
351 -3.0000000000
382 -2.0000000000
409 -1.0000000000
416 4.0000000000
439 5.0000000000
455 6.0000000000
494 7.0000000000
5000 -16.0000000000
evaluations raw_y
1 -601.0000000000
2 -571.0000000000
4 -471.0000000000
25 -455.0000000000
36 -409.0000000000
50 -378.0000000000
51 -347.0000000000
56 -324.0000000000
61 -301.0000000000
79 -270.0000000000
80 -255.0000000000
90 -201.0000000000
116 -193.0000000000
138 -123.0000000000
155 -109.0000000000
159 -70.0000000000
192 -64.0000000000
202 -63.0000000000
208 -40.0000000000
256 -24.0000000000
270 -3.0000000000
330 -2.0000000000
346 5.0000000000
350 6.0000000000
442 7.0000000000
5000 -16.0000000000
evaluations raw_y
1 -649.0000000000
3 -354.0000000000
49 -323.0000000000
50 -300.0000000000
51 -285.0000000000
80 -254.0000000000
81 -231.0000000000
114 -216.0000000000
119 -208.0000000000
122 -185.0000000000
141 -162.0000000000
199 -147.0000000000
201 -124.0000000000
257 -116.0000000000
286 -101.0000000000
295 -63.0000000000
332 -48.0000000000
370 -33.0000000000
380 -18.0000000000
457 -11.0000000000
467 -3.0000000000
485 4.0000000000
539 5.0000000000
562 6.0000000000
576 7.0000000000
5000 -16.0000000000
evaluations raw_y
1 -764.0000000000
3 -640.0000000000
4 -470.0000000000
22 -455.0000000000
26 -339.0000000000
49 -308.0000000000
50 -277.0000000000
88 -193.0000000000
111 -170.0000000000
152 -155.0000000000
153 -147.0000000000
170 -132.0000000000
171 -117.0000000000
195 -116.0000000000
196 -93.0000000000
214 -85.0000000000
216 -71.0000000000
246 -39.0000000000
259 -24.0000000000
282 -18.0000000000
291 -11.0000000000
347 -3.0000000000
349 -2.0000000000
483 5.0000000000
499 6.0000000000
693 7.0000000000
770 8.0000000000
5000 -23.0000000000
evaluations raw_y
1 -857.0000000000
2 -594.0000000000
7 -486.0000000000
31 -378.0000000000
49 -355.0000000000
50 -332.0000000000
51 -309.0000000000
64 -308.0000000000
66 -285.0000000000
76 -277.0000000000
79 -254.0000000000
89 -193.0000000000
111 -162.0000000000
119 -139.0000000000
139 -116.0000000000
141 -93.0000000000
185 -86.0000000000
203 -63.0000000000
210 -55.0000000000
236 -47.0000000000
267 -40.0000000000
279 -32.0000000000
299 -25.0000000000
303 -24.0000000000
318 -17.0000000000
326 -10.0000000000
361 -3.0000000000
381 4.0000000000
417 5.0000000000
479 6.0000000000
5000 5.0000000000
evaluations raw_y
1 -633.0000000000
3 -602.0000000000
13 -594.0000000000
16 -540.0000000000
23 -501.0000000000
35 -486.0000000000
48 -470.0000000000
53 -455.0000000000
54 -432.0000000000
66 -393.0000000000
80 -370.0000000000
86 -339.0000000000
94 -308.0000000000
110 -277.0000000000
140 -246.0000000000
148 -238.0000000000
170 -215.0000000000
171 -192.0000000000
181 -146.0000000000
201 -115.0000000000
219 -101.0000000000
232 -78.0000000000
234 -63.0000000000
262 -56.0000000000
264 -41.0000000000
290 -34.0000000000
320 -33.0000000000
374 -27.0000000000
375 -26.0000000000
386 -19.0000000000
410 -4.0000000000
440 -3.0000000000
473 4.0000000000
504 5.0000000000
2809 6.0000000000
2962 7.0000000000
5000 -16.0000000000
