evaluations raw_y
1 19.0511392729
3 3.6546457740
356 3.4278871632
539 2.9855319319
762 2.7688790969
934 2.6187526326
969 1.8545705156
1155 1.0858483147
1386 0.8336890548
1429 0.7572818454
1435 0.6965460114
1462 0.5713506586
1578 0.5671003825
1680 0.5631286192
1705 0.5554170326
1726 0.5456521107
1770 0.5070074251
1781 0.4740240619
1832 0.4704559190
1833 0.4653757982
1858 0.4425909025
1886 0.4415995243
1888 0.4138696663
2025 0.4069090013
2086 0.4043669202
2123 0.4041548190
2168 0.4015087746
2193 0.4008525154
2202 0.3928178716
2217 0.3920511319
2363 0.3891602617
2434 0.3857758359
2477 0.3855415319
2500 0.3852010201
2529 0.3846567780
2592 0.3835212543
2616 0.3825083480
2634 0.3810377909
2744 0.3808413066
2849 0.3807116990
2879 0.3805088508
2997 0.3804334550
3004 0.3802397206
3037 0.3801661136
3196 0.3801489345
3207 0.3801213146
3262 0.3801140964
3277 0.3800413841
3284 0.3800335924
3346 0.3800074253
3372 0.3799975404
3405 0.3799602971
3458 0.3799516299
3592 0.3799509382
3597 0.3799420231
3616 0.3799336143
3626 0.3799248451
3723 0.3799103963
3739 0.3799076582
3742 0.3799038269
3891 0.3799004462
3922 0.3798992485
3954 0.3798979308
3979 0.3798957023
4084 0.3798943201
4095 0.3798921558
4108 0.3798893045
4200 0.3798883072
4210 0.3798878406
4224 0.3798870229
4367 0.3798865215
4380 0.3798864904
4381 0.3798850713
4403 0.3798850279
4425 0.3798849277
4509 0.3798848239
4532 0.3798847096
4549 0.3798846110
4609 0.3798844906
4617 0.3798844301
4637 0.3798843128
4693 0.3798840354
4737 0.3798839771
4791 0.3798839099
4850 0.3798838941
4895 0.3798838678
5005 0.3798838669
5011 0.3798838544
5012 0.3798838449
5018 0.3798837434
5164 0.3798837426
5165 0.3798837354
5185 0.3798837339
5264 0.3798837332
5274 0.3798837157
5301 0.3798837075
5303 0.3798837031
5356 0.3798837027
5410 0.3798836900
5413 0.3798836839
5422 0.3798836768
5506 0.3798836746
5556 0.3798836680
5679 0.3798836675
5692 0.3798836617
5713 0.3798836616
5785 0.3798836613
5823 0.3798836598
5854 0.3798836584
5890 0.3798836577
5956 0.3798836573
5971 0.3798836566
6004 0.3798836565
6037 0.3798836555
6089 0.3798836551
6125 0.3798836547
6145 0.3798836543
6162 0.3798836541
6273 0.3798836537
6610 0.3798836536
7016 0.3798836535
7281 0.3798836534
7774 0.3798836531
7853 0.3798836529
8354 0.3798836527
8952 0.3798836525
8984 0.3798836524
9302 0.3798836523
10946 0.3798836520
13483 0.3752855769
13503 0.3712647367
13511 0.3424847555
13636 0.3319078184
13654 0.3209087249
13712 0.3162971835
13758 0.3135645440
13774 0.3007011530
13877 0.2962984044
13975 0.2959121330
14025 0.2936547345
14049 0.2935095536
14059 0.2918513985
14062 0.2917784362
14081 0.2883762396
14152 0.2860019684
14288 0.2858375829
14305 0.2856852819
14306 0.2850830070
14363 0.2847448522
14384 0.2845098081
14396 0.2842745357
14421 0.2840899128
14444 0.2840386746
14461 0.2838930303
14466 0.2833545278
14517 0.2830052106
14523 0.2829646143
14530 0.2828899340
14545 0.2826860114
14565 0.2823154758
14567 0.2820084782
14650 0.2816386971
14717 0.2815714738
14758 0.2815509335
14777 0.2812894878
14788 0.2811400701
14817 0.2810499382
14855 0.2810125906
14878 0.2809545133
14880 0.2809513940
14882 0.2809173949
14894 0.2808910735
14929 0.2808502082
14933 0.2807361177
15003 0.2807324137
15006 0.2806884450
15048 0.2806575053
15110 0.2806391213
15120 0.2805955540
15127 0.2805546621
15153 0.2805441710
15159 0.2805309942
15179 0.2805188420
15184 0.2805113181
15191 0.2804780286
15233 0.2804487625
15277 0.2804469481
15308 0.2804443411
15338 0.2804241875
15387 0.2804182955
15390 0.2804088040
15427 0.2803898606
15564 0.2803867609
15622 0.2803859206
15623 0.2803756399
15647 0.2803750298
15661 0.2803743440
15685 0.2803737185
15686 0.2803737062
15704 0.2803732924
15764 0.2803711540
15779 0.2803702735
15791 0.2803680922
15839 0.2803635142
15844 0.2803613957
15966 0.2803597415
16000 0.2803596699
16031 0.2803581734
16071 0.2803580968
16101 0.2803580870
16102 0.2803571249
16127 0.2803570191
16215 0.2803568329
16243 0.2803565858
16253 0.2803559235
16331 0.2803556753
16374 0.2803555643
16391 0.2803554015
16412 0.2803552150
16424 0.2803547814
16463 0.2803546600
16533 0.2803544412
16546 0.2803539987
16571 0.2803538935
16612 0.2803538873
16656 0.2803538637
16691 0.2803537178
16738 0.2803536778
16754 0.2803536280
16779 0.2803534928
16896 0.2803534727
16911 0.2803534418
17142 0.2803534393
17225 0.2803534305
17342 0.2803534234
17361 0.2803534206
17405 0.2803534205
17428 0.2803534196
17434 0.2803534132
17445 0.2803534082
17525 0.2803534079
17526 0.2803534049
17551 0.2803534030
17578 0.2803534012
17586 0.2803534007
17649 0.2803533993
17659 0.2803533986
17678 0.2803533958
17699 0.2803533948
17752 0.2803533941
17870 0.2803533940
17877 0.2803533937
17878 0.2803533929
17916 0.2803533923
17965 0.2803533918
18015 0.2803533915
18023 0.2803533912
18025 0.2803533909
18034 0.2803533905
18064 0.2803533903
18161 0.2803533901
18166 0.2803533897
18187 0.2803533896
18261 0.2803533895
18274 0.2803533894
18290 0.2803533891
18309 0.2803533889
18369 0.2803533888
18418 0.2803533887
18491 0.2803533885
19020 0.2803533883
19089 0.2803533882
50000 0.3887722470
evaluations raw_y
1 14.0502308065
3 13.8402781761
5 9.6806860962
27 8.9712662184
34 8.8087994304
43 8.1380952711
53 3.6759576486
309 3.4784482956
676 2.7844790660
1106 2.6471192877
1117 2.2884545210
1151 1.8453852427
1186 1.8212321274
1198 1.6456065664
1209 1.5451288632
1228 1.2495164866
1299 1.0446535659
1352 1.0062903786
1363 0.9094617906
1379 0.8112099281
1391 0.7521323414
1579 0.7034211929
1587 0.6953513861
1616 0.6705065411
1685 0.6449272351
1746 0.6424490455
1750 0.6068194872
1787 0.5959993354
1798 0.5864181284
1813 0.5699717397
1824 0.5032631677
1891 0.4982446906
1896 0.4936178656
1900 0.4764299506
1902 0.4729358075
1930 0.4681526196
1933 0.4463502591
1958 0.4425533088
1985 0.4287665213
1992 0.4177083316
1996 0.3956276905
2086 0.3943978779
2148 0.3938748212
2150 0.3931884609
2183 0.3922673907
2184 0.3871324411
2190 0.3844579277
2206 0.3797811356
2346 0.3788158737
2352 0.3780829816
2397 0.3759705897
2403 0.3752454920
2407 0.3744650023
2427 0.3739011155
2461 0.3712397400
2517 0.3700971936
2643 0.3698940554
2648 0.3693185851
2702 0.3675641884
2723 0.3674270027
2771 0.3664195183
2898 0.3663301070
2915 0.3657843065
3033 0.3655654047
3040 0.3654746733
3162 0.3654746146
3177 0.3651811526
3270 0.3651438934
3289 0.3651333003
3295 0.3651125913
3326 0.3650642445
3343 0.3650509843
3397 0.3650481115
3409 0.3649939077
3516 0.3649935443
3523 0.3649825467
3571 0.3649526847
3616 0.3649446314
3626 0.3649393157
3641 0.3649350445
3668 0.3649187802
3680 0.3649184470
3699 0.3649008721
3764 0.3648952613
3783 0.3648791659
3801 0.3648774371
3912 0.3648725753
3931 0.3648651219
3932 0.3648584506
3952 0.3648552333
4016 0.3648551531
4017 0.3648524434
4056 0.3648503462
4197 0.3648497876
4201 0.3648497677
4206 0.3648487299
4223 0.3648456451
4291 0.3648455422
4323 0.3648424842
4515 0.3648417854
4661 0.3648417106
4687 0.3648416070
4689 0.3648412055
4833 0.3648411016
4915 0.3648409467
4926 0.3648408914
5016 0.3648408826
5048 0.3648408583
5061 0.3648408362
5085 0.3648408157
5093 0.3648407972
5101 0.3648407748
5141 0.3648407614
5144 0.3648407514
5156 0.3648407079
5287 0.3648406737
5322 0.3648406712
5384 0.3648406652
5389 0.3648406648
5399 0.3648406516
5429 0.3648406461
5437 0.3648406441
5484 0.3648406373
5540 0.3648406333
5544 0.3648406304
5578 0.3648406289
5625 0.3648406208
5652 0.3648406202
5658 0.3648406136
5695 0.3648406117
5746 0.3648406107
5815 0.3648406101
5882 0.3648406071
5967 0.3648406069
6005 0.3648406062
6080 0.3648406048
6244 0.3648406043
6261 0.3648406036
6484 0.3648406034
7227 0.3648406033
50000 0.5100695852
evaluations raw_y
1 19.3018214456
2 11.6533731971
5 7.8215017283
25 6.2454585551
41 4.3556653929
123 3.8734035137
174 2.9980497639
586 2.7929632391
1037 2.6755986790
1042 2.5148255453
1076 1.5369962740
1184 1.4735141934
1185 1.3339530771
1200 1.2866420706
1201 0.7764118373
1360 0.7588944157
1380 0.7099370924
1385 0.4416075633
1492 0.4292340563
1515 0.3673985627
1585 0.3622774751
1616 0.3595213190
1643 0.3487651647
1664 0.3116909161
1709 0.3009867168
1745 0.2610770629
1840 0.2567092585
1845 0.2424027682
1982 0.2351244890
2013 0.2310865002
2041 0.2286238340
2042 0.2229635695
2158 0.2154406695
2257 0.2135064983
2289 0.2096574794
2334 0.2087309800
2427 0.2083158871
2465 0.2082012215
2493 0.2074874746
2555 0.2059625017
2582 0.2059574787
2710 0.2057964143
2737 0.2057566987
2766 0.2054811717
2777 0.2051908147
2797 0.2051618245
2829 0.2046399159
2833 0.2045200203
2868 0.2043702802
2883 0.2041114453
2901 0.2039205786
2995 0.2036767439
3017 0.2036210792
3032 0.2035687665
3136 0.2035390400
3160 0.2034430563
3177 0.2033698762
3283 0.2033400578
3304 0.2033145692
3418 0.2032937405
3527 0.2032934076
3534 0.2032484212
3635 0.2032475312
3685 0.2032367512
3700 0.2032339131
3706 0.2032315568
3721 0.2032210990
3746 0.2032198161
3782 0.2032066541
3812 0.2032007692
3911 0.2031990416
3955 0.2031962507
4038 0.2031955772
4048 0.2031945226
4061 0.2031930979
4286 0.2031927666
4331 0.2031926956
4346 0.2031921344
4373 0.2031918671
4415 0.2031914042
4426 0.2031912211
4436 0.2031907183
4658 0.2031905765
4668 0.2031905469
4670 0.2031904538
4808 0.2031904120
4835 0.2031903929
4836 0.2031903649
4922 0.2031902503
4924 0.2031902220
4936 0.2031902097
4993 0.2031901966
5014 0.2031901642
5032 0.2031901457
5112 0.2031901369
5215 0.2031901338
5238 0.2031901290
5240 0.2031901205
5304 0.2031900979
5374 0.2031900820
5407 0.2031900749
5513 0.2031900737
5519 0.2031900734
5552 0.2031900725
5576 0.2031900694
5595 0.2031900617
5628 0.2031900593
5656 0.2031900576
5681 0.2031900574
5715 0.2031900562
5762 0.2031900549
5778 0.2031900532
5830 0.2031900521
5851 0.2031900517
5857 0.2031900510
5894 0.2031900509
5926 0.2031900501
5972 0.2031900497
5981 0.2031900494
6033 0.2031900491
6054 0.2031900490
6170 0.2031900480
6205 0.2031900477
6285 0.2031900474
6400 0.2031900471
50000 1.2116147383
evaluations raw_y
1 5.3120373017
22 4.8507594561
56 4.7705857365
70 4.3985159844
258 4.2485327650
346 3.7755894246
620 3.2468207007
989 2.6474150871
1032 2.6165936920
1093 2.5099461728
1127 2.4350051518
1146 1.4840731915
1236 1.3460690719
1289 1.2675640316
1322 0.9404010229
1356 0.8291763637
1364 0.7804696267
1448 0.7715667898
1506 0.7692153979
1538 0.7362931294
1541 0.7025705853
1588 0.6947361838
1592 0.6819781393
1624 0.6731526464
1633 0.6668891088
1678 0.5698467460
1862 0.5428901757
1927 0.5424516983
2012 0.5402821034
2026 0.5372663557
2030 0.5313404394
2038 0.5262064682
2065 0.5231621220
2094 0.5089451855
2137 0.5064583545
2157 0.5046502767
2188 0.4984764150
2297 0.4927774432
2436 0.4907587202
2443 0.4904353750
2455 0.4902985451
2483 0.4884224445
2512 0.4876683068
2530 0.4830624296
2718 0.4819690695
2836 0.4817366536
2855 0.4814188925
2865 0.4813792402
2905 0.4811987450
2958 0.4810537991
2969 0.4807447537
2987 0.4807428342
2989 0.4806898273
2994 0.4805262011
2998 0.4800014329
3119 0.4799863915
3144 0.4799789975
3150 0.4799576378
3178 0.4797969688
3205 0.4796777249
3317 0.4796655947
3349 0.4796260980
3489 0.4796103177
3622 0.4796066959
3670 0.4795959383
3671 0.4795850874
3673 0.4795741013
3702 0.4795574194
3767 0.4795534650
3772 0.4795484606
3790 0.4795365375
3797 0.4795308352
3851 0.4795239523
3976 0.4795170137
4056 0.4795161924
4140 0.4795129087
4193 0.4795128118
4199 0.4795124209
4204 0.4795121442
4224 0.4795116480
4269 0.4795115914
4275 0.4795108689
4330 0.4795102983
4343 0.4795095537
4385 0.4795093109
4417 0.4795092572
4425 0.4795090550
4432 0.4795083887
4519 0.4795081944
4529 0.4795079803
4543 0.4795076889
4548 0.4795076653
4717 0.4795076355
4740 0.4795075783
4770 0.4795075512
4781 0.4795072920
4798 0.4795072712
4872 0.4795069987
4994 0.4795069766
5029 0.4795069177
5055 0.4795069054
5097 0.4795068912
5175 0.4795068674
5184 0.4795068566
5189 0.4795068511
5213 0.4795068499
5220 0.4795068049
5242 0.4795068001
5252 0.4795067849
5288 0.4795067673
5379 0.4795067634
5450 0.4795067617
5523 0.4795067595
5578 0.4795067478
5582 0.4795067467
5595 0.4795067399
5761 0.4795067374
5789 0.4795067352
5799 0.4795067351
5818 0.4795067345
5862 0.4795067340
5917 0.4795067338
5932 0.4795067334
5941 0.4795067328
5996 0.4795067326
5998 0.4795067305
6093 0.4795067302
6126 0.4795067300
6134 0.4795067299
6167 0.4795067297
6172 0.4795067295
6196 0.4795067290
6237 0.4795067288
6286 0.4795067284
6358 0.4795067280
6567 0.4795067279
7295 0.4795067277
9727 0.4615691001
9769 0.4506675281
9788 0.3862610296
9803 0.3844275118
9818 0.3576127862
9903 0.3103848876
9972 0.3042442475
10019 0.2924751079
10157 0.2909754482
10184 0.2899100000
10197 0.2880083710
10201 0.2861802720
10207 0.2810807723
10224 0.2810749660
10232 0.2744995862
10299 0.2656351562
10398 0.2601051360
10421 0.2578157091
10502 0.2572395321
10620 0.2571513203
10669 0.2567435018
10748 0.2557276404
10975 0.2556625684
10985 0.2554981572
11051 0.2552491756
11097 0.2551186888
11107 0.2549077569
11120 0.2548417296
11148 0.2548044114
11169 0.2546491766
11277 0.2546467421
11285 0.2546200469
11302 0.2545859459
11361 0.2545446519
11362 0.2544535618
11487 0.2544348246
11495 0.2544249367
11509 0.2544044155
11548 0.2543720624
11615 0.2543708682
11631 0.2543598342
11719 0.2543453186
11756 0.2543323673
11800 0.2543294455
11814 0.2543195833
11870 0.2543180667
11928 0.2543128886
11976 0.2543105525
12013 0.2543067071
12113 0.2543035309
12331 0.2543029674
12342 0.2543028399
12381 0.2543019918
12400 0.2543017443
12426 0.2543005146
12499 0.2543004704
12578 0.2543003030
12586 0.2543001033
12609 0.2542999832
12657 0.2542998542
12663 0.2542995321
12761 0.2542995016
12770 0.2542994900
12832 0.2542994352
12870 0.2542993692
12966 0.2542993285
13055 0.2542993238
13058 0.2542993227
13088 0.2542993223
13174 0.2542993147
13186 0.2542992904
13219 0.2542992889
13253 0.2542992850
13254 0.2542992672
13282 0.2542992504
13315 0.2542992441
13372 0.2542992389
13398 0.2542992157
13403 0.2542991978
13483 0.2542991958
13497 0.2542991954
13501 0.2542991745
13544 0.2542991645
13551 0.2542991611
13628 0.2542991598
13634 0.2542991550
13666 0.2542991528
13795 0.2542991522
13805 0.2542991519
13837 0.2542991518
13870 0.2542991506
13888 0.2542991501
13910 0.2542991497
13919 0.2542991493
14030 0.2542991488
14044 0.2542991482
14049 0.2542991481
14056 0.2542991474
14144 0.2542991469
14190 0.2542991460
14191 0.2542991457
14262 0.2542991454
14286 0.2542991451
14373 0.2542991450
14543 0.2542991449
14982 0.2542991448
50000 0.5042002314
evaluations raw_y
1 12.6731365796
2 7.2940030943
15 5.9093071325
32 4.9858587844
41 3.3978082808
527 2.7705615864
850 2.6638541587
1059 2.2625846953
1111 2.2203324679
1260 2.1625537421
1282 2.1044591005
1309 1.9914320588
1354 1.7748394489
1364 1.5865588147
1407 1.3791581454
1456 1.3130223439
1506 1.2967919077
1681 1.2473387815
1750 1.2050739808
1835 1.2014958525
1869 1.1825589203
1884 1.1109538624
2143 1.1059162792
2205 1.1031299758
2270 1.1030066079
2336 1.0995335317
2355 1.0954702469
2431 1.0921369884
2439 1.0877773041
2502 1.0860395084
2616 1.0858828317
2668 1.0849639198
2690 1.0837911555
2800 1.0837502209
2807 1.0829279379
2852 1.0828113638
2883 1.0828048684
2891 1.0825187679
2919 1.0824884941
2962 1.0821588379
3042 1.0819844899
3068 1.0816325147
3072 1.0815879336
3077 1.0815245629
3142 1.0813949089
3176 1.0813650042
3200 1.0812664835
3211 1.0812398641
3316 1.0812148776
3341 1.0810990806
3448 1.0810894297
3471 1.0810503346
3518 1.0810182736
3526 1.0809940175
3579 1.0809812725
3598 1.0809670601
3620 1.0809493496
3647 1.0809401915
3688 1.0809275924
3751 1.0809146457
3778 1.0809044000
3870 1.0809009458
3889 1.0809004782
3890 1.0808928385
3918 1.0808794454
4072 1.0808782709
4144 1.0808781217
4151 1.0808772815
4180 1.0808751082
4189 1.0808744248
4226 1.0808723593
4241 1.0808712572
4260 1.0808712330
4306 1.0808702820
4321 1.0808699595
4358 1.0808686527
4398 1.0808684789
4416 1.0808663090
4454 1.0808660972
4483 1.0808653533
4525 1.0808651061
4732 1.0808649259
4757 1.0808647497
4758 1.0808646515
4810 1.0808644821
4894 1.0808644092
4925 1.0808643545
4982 1.0808642781
5008 1.0808642212
5020 1.0808642142
5022 1.0808642019
5025 1.0808641922
5048 1.0808641261
5060 1.0808640476
5066 1.0808639648
5094 1.0808638881
5154 1.0808638781
5157 1.0808638600
5177 1.0808637420
5372 1.0808637387
5377 1.0808637190
5457 1.0808637169
5495 1.0808636936
5878 1.0808636911
5907 1.0808636900
5954 1.0808636890
6101 1.0808636889
6115 1.0808636886
6130 1.0808636883
6348 1.0808636879
6354 1.0808636875
8473 1.0385184519
8500 0.8987462720
8585 0.8567364440
8604 0.7930962915
8627 0.7807050901
8635 0.7564848531
8650 0.6586481078
8768 0.6185030121
8829 0.5870922139
8901 0.5720588020
8960 0.5506529865
9013 0.5311975104
9074 0.5251706075
9097 0.5133653678
9147 0.5125610022
9207 0.5090157933
9258 0.5038654254
9281 0.4926815007
9307 0.4908723903
9335 0.4856002402
9514 0.4849345795
9516 0.4839962113
9545 0.4836077994
9546 0.4822084437
9557 0.4820508972
9578 0.4805861127
9599 0.4800394958
9640 0.4784208122
9660 0.4772117440
9708 0.4771185959
9733 0.4767213717
9761 0.4755287036
9793 0.4753732698
9883 0.4753491209
9945 0.4749629794
10046 0.4748356627
10076 0.4745249149
10115 0.4744696215
10122 0.4743318882
10126 0.4743087903
10134 0.4741414258
10145 0.4739547403
10157 0.4738447394
10221 0.4737978279
10238 0.4736917940
10311 0.4736055032
10489 0.4735899340
10539 0.4735819206
10563 0.4735689777
10571 0.4735519350
10589 0.4735379271
10618 0.4735301643
10621 0.4734842210
10701 0.4734565680
10707 0.4734442980
10710 0.4734400820
10758 0.4734161496
10809 0.4734144519
10919 0.4734113170
10922 0.4734110692
10952 0.4734074965
11029 0.4734029686
11035 0.4734015000
11155 0.4733988548
11169 0.4733987570
11214 0.4733948704
11276 0.4733921676
11393 0.4733917435
11406 0.4733911277
11446 0.4733904066
11507 0.4733899437
11540 0.4733897444
11545 0.4733894523
11557 0.4733883276
11570 0.4733871428
11599 0.4733867556
11790 0.4733866813
11821 0.4733864323
11854 0.4733864024
11933 0.4733863188
11938 0.4733863075
11990 0.4733861923
11996 0.4733861922
12017 0.4733861612
12063 0.4733860035
12093 0.4733860020
12136 0.4733859491
12249 0.4733859448
12313 0.4733859062
12354 0.4733859021
12388 0.4733858748
12442 0.4733858734
12454 0.4733858709
12482 0.4733858538
12510 0.4733858482
12561 0.4733858465
12592 0.4733858355
12615 0.4733858344
12664 0.4733858297
12692 0.4733858276
12696 0.4733858254
12735 0.4733858252
12748 0.4733858227
12750 0.4733858159
12772 0.4733858100
12848 0.4733858092
12946 0.4733858074
12955 0.4733858068
12964 0.4733858048
13009 0.4733858038
13017 0.4733858028
13024 0.4733858014
13039 0.4733857980
13077 0.4733857962
13102 0.4733857949
13239 0.4733857928
13248 0.4733857925
13335 0.4733857923
13365 0.4733857916
13391 0.4733857913
13461 0.4733857912
13833 0.4733857910
14142 0.4733857909
14227 0.4733857907
14246 0.4733857906
14484 0.4733857904
14487 0.4733857903
14568 0.4733857901
14597 0.4733857900
14639 0.4733857899
14730 0.4733857895
14973 0.4733857892
50000 0.8110242582
evaluations raw_y
1 20.6123991780
5 16.8513006743
6 12.6897113095
9 9.3986312160
11 4.4878917590
194 4.2866637296
329 4.0508436343
561 3.9904036083
623 3.4885720971
908 1.9753169439
1016 1.7935381566
1038 1.3372581547
1108 1.0595363420
1176 0.9009946085
1257 0.7453064631
1303 0.5036167277
1346 0.3701733286
1391 0.3295345180
1415 0.3058687781
1499 0.2906676311
1523 0.2726342425
1572 0.2724866145
1580 0.2632709650
1642 0.2581461860
1656 0.2432016433
1657 0.2236583043
1663 0.2147931689
1685 0.2094140218
1706 0.2021552508
1729 0.2000217868
1785 0.1822649208
1823 0.1671727138
1866 0.1651956628
1881 0.1609963376
1894 0.1604145195
1932 0.1498971551
2002 0.1471805599
2030 0.1441739438
2043 0.1411180482
2092 0.1393095554
2094 0.1305754620
2250 0.1276091629
2458 0.1272697347
2501 0.1266732590
2515 0.1257116904
2521 0.1249877043
2616 0.1249601162
2635 0.1247627782
2651 0.1246818940
2655 0.1246412617
2673 0.1244131344
2757 0.1242117534
2762 0.1233394691
2981 0.1233097904
2989 0.1232381055
3046 0.1230524528
3069 0.1229073061
3190 0.1228767045
3260 0.1228410627
3267 0.1228053162
3276 0.1227933322
3309 0.1227318802
3352 0.1227240487
3366 0.1227118790
3373 0.1226863217
3466 0.1226679899
3491 0.1226638112
3502 0.1226634060
3521 0.1226632648
3539 0.1226589056
3560 0.1226531401
3582 0.1226426665
3613 0.1226344259
3648 0.1226333541
3730 0.1226232517
3747 0.1226172881
3764 0.1226068091
3873 0.1226010568
3924 0.1226009741
3943 0.1226002591
4034 0.1225947505
4082 0.1225941371
4133 0.1225934781
4199 0.1225929993
4225 0.1225913113
4274 0.1225907958
4338 0.1225906549
4342 0.1225899881
4357 0.1225899001
4373 0.1225898634
4408 0.1225898516
4467 0.1225895945
4503 0.1225893755
4539 0.1225893726
4559 0.1225891587
4590 0.1225888581
4621 0.1225887591
4718 0.1225887052
4760 0.1225886988
4763 0.1225886624
4793 0.1225886420
4894 0.1225886352
4899 0.1225885882
4941 0.1225884830
5011 0.1225884755
5016 0.1225884454
5093 0.1225884446
5124 0.1225884428
5158 0.1225884275
5163 0.1225884128
5170 0.1225883871
5172 0.1225883631
5228 0.1225883627
5267 0.1225883587
5294 0.1225883360
5318 0.1225883340
5320 0.1225883300
5332 0.1225883252
5368 0.1225883121
5383 0.1225883037
5423 0.1225882965
5447 0.1225882898
5460 0.1225882838
5467 0.1225882829
5473 0.1225882776
5503 0.1225882662
5538 0.1225882644
5545 0.1225882593
5641 0.1225882562
5720 0.1225882554
5805 0.1225882551
5813 0.1225882523
5839 0.1225882497
5848 0.1225882489
5949 0.1225882481
6002 0.1225882474
6015 0.1225882471
6026 0.1225882467
6030 0.1225882464
6033 0.1225882453
6100 0.1225882444
6174 0.1225882441
6189 0.1225882440
6211 0.1225882437
6274 0.1225882434
6282 0.1225882433
6284 0.1225882427
6307 0.1225882424
6316 0.1225882421
6342 0.1225882418
6362 0.1225882415
6431 0.1225882413
6433 0.1225882411
6436 0.1225882408
6492 0.1225882406
6506 0.1225882404
6562 0.1225882401
6619 0.1225882400
6669 0.1225882399
6700 0.1225882397
7716 0.1225882396
7789 0.1225882394
7877 0.1225882393
8004 0.1225882392
8138 0.1225882390
8192 0.1225882389
8247 0.1225882387
8403 0.1225882386
8574 0.1225882385
8645 0.1225882383
9023 0.1225882382
9327 0.1225882380
9346 0.1225882379
9354 0.1225882377
9371 0.1225882376
9529 0.1225882374
9626 0.1225882372
9751 0.1225882371
9764 0.1225882369
9785 0.1225882368
9794 0.1225882367
9909 0.1225882365
9935 0.1225882364
50000 0.2229895405
evaluations raw_y
1 3.0722539909
123 2.4001442087
1519 1.6824894624
1953 1.3463886909
2341 1.1305342106
2346 1.0975924179
2382 1.0527184285
2392 0.9594059272
2414 0.9328616728
2433 0.9233701023
2444 0.7419394368
2590 0.7188042947
2591 0.7159663236
2608 0.7133012722
2677 0.7060934192
2710 0.6827513418
2751 0.6392889603
2789 0.5852493891
2822 0.5794053938
2853 0.5721357552
2897 0.5627261263
2917 0.5548064661
2933 0.5452682466
2955 0.5443708776
2985 0.5373023820
3028 0.5233058067
3067 0.5131336097
3105 0.5113073803
3122 0.5044720616
3133 0.4951391010
3155 0.4933525732
3173 0.4900359255
3202 0.4850727117
3237 0.4847256589
3241 0.4827278090
3264 0.4782615688
3276 0.4735678750
3293 0.4691915331
3455 0.4677431574
3467 0.4673190041
3513 0.4672997520
3553 0.4672964208
3569 0.4670736721
3570 0.4667523099
3596 0.4661925175
3616 0.4658872088
3630 0.4649606494
3663 0.4642652031
3696 0.4640549327
3704 0.4633770709
3768 0.4630606393
3784 0.4624685317
3985 0.4624671170
3996 0.4623226611
4011 0.4620606671
4012 0.4616316338
4042 0.4614635261
4084 0.4611847323
4166 0.4609874355
4491 0.4609660785
4516 0.4609568167
4567 0.4609541161
4585 0.4609377113
4621 0.4609269940
4696 0.4609235365
4710 0.4609183591
4740 0.4609136375
4793 0.4609118892
4805 0.4609048614
4878 0.4609039860
5076 0.4609023913
5143 0.4609017978
5163 0.4609002223
5165 0.4608981304
5195 0.4608971087
5235 0.4608967527
5285 0.4608965922
5324 0.4608961114
5346 0.4608958240
5353 0.4608944366
5438 0.4608938573
5442 0.4608933831
5573 0.4608931957
5610 0.4608931825
5622 0.4608931067
5674 0.4608928323
5827 0.4608927963
5828 0.4608927405
5901 0.4608927241
5921 0.4608927196
5990 0.4608926899
6003 0.4608925581
6087 0.4608925361
6131 0.4608925274
6149 0.4608924930
6201 0.4608924816
6273 0.4608924786
6289 0.4608924567
6373 0.4608924485
6465 0.4608924441
6472 0.4608924411
6501 0.4608924354
6612 0.4608924351
6622 0.4608924337
6634 0.4608924302
6727 0.4608924278
6742 0.4608924254
6779 0.4608924242
6793 0.4608924227
6853 0.4608924216
6868 0.4608924193
7027 0.4608924187
7123 0.4608924186
7417 0.4608924185
7435 0.4608924183
7621 0.4608924181
8161 0.4608924179
10708 0.4525583118
10713 0.3771425937
10864 0.3048955598
11097 0.2955549300
11105 0.2888933097
11119 0.2615471104
11150 0.2612889273
11171 0.2487036627
11179 0.2464512795
11253 0.2449203091
11257 0.2368405995
11258 0.2350748290
11305 0.2336070009
11311 0.2331924886
11315 0.2283749842
11323 0.2280619768
11347 0.2273601455
11360 0.2209645516
11374 0.2188276606
11377 0.2182729882
11408 0.2125001802
11469 0.2067698696
11512 0.2065657155
11522 0.2011682327
11526 0.2009569488
11541 0.1992528494
11595 0.1968035518
11614 0.1957467677
11635 0.1949165893
11658 0.1901655366
11669 0.1863711242
11720 0.1863164539
11783 0.1855527647
11785 0.1843638542
11822 0.1819567733
11932 0.1815857349
11976 0.1814201143
12029 0.1811461184
12095 0.1811452617
12096 0.1810183782
12106 0.1809367463
12118 0.1809320132
12124 0.1808110402
12146 0.1807824296
12161 0.1806954100
12166 0.1806720524
12195 0.1801037481
12204 0.1800730177
12219 0.1800241542
12242 0.1800221872
12353 0.1797660366
12358 0.1796283504
12361 0.1795763682
12364 0.1795704314
12418 0.1795373050
12430 0.1795157519
12461 0.1795014074
12466 0.1794686846
12486 0.1794624005
12528 0.1793583615
12559 0.1793575215
12561 0.1793517104
12594 0.1792807426
12670 0.1792804040
12693 0.1792380815
12713 0.1792303614
12727 0.1792085534
12793 0.1792057263
12802 0.1791942548
12818 0.1791936934
12822 0.1791532051
12930 0.1791442684
13023 0.1791384658
13052 0.1791323343
13094 0.1791277419
13155 0.1791221089
13281 0.1791208194
13289 0.1791181851
13291 0.1791162640
13300 0.1791138571
13308 0.1791132991
13313 0.1791125542
13314 0.1791110182
13324 0.1791035116
13361 0.1791011447
13376 0.1791002874
13378 0.1790987033
13471 0.1790979770
13487 0.1790963139
13533 0.1790957420
13549 0.1790954488
13581 0.1790950423
13597 0.1790936906
13713 0.1790936007
13721 0.1790934164
13762 0.1790928568
13773 0.1790923272
13855 0.1790922700
13868 0.1790921994
13872 0.1790921734
13896 0.1790921708
13901 0.1790918604
13906 0.1790918291
13952 0.1790916981
13960 0.1790916308
14026 0.1790915579
14044 0.1790915539
14054 0.1790915220
14074 0.1790914999
14108 0.1790913604
14136 0.1790913212
14169 0.1790912720
14182 0.1790911796
14237 0.1790910813
14275 0.1790910223
14285 0.1790909728
14307 0.1790909713
14313 0.1790908164
14317 0.1790907984
14375 0.1790907423
14430 0.1790907356
14434 0.1790907167
14457 0.1790907007
14523 0.1790906659
14575 0.1790906492
14645 0.1790906410
14667 0.1790906354
14701 0.1790906312
14705 0.1790906297
14722 0.1790906214
14735 0.1790906008
14760 0.1790905999
14779 0.1790905990
14819 0.1790905935
14838 0.1790905909
14841 0.1790905820
14892 0.1790905613
15020 0.1790905583
15045 0.1790905570
15084 0.1790905565
15131 0.1790905561
15151 0.1790905549
15173 0.1790905507
15177 0.1790905489
15186 0.1790905469
15213 0.1790905462
15268 0.1790905450
15350 0.1790905438
15434 0.1790905435
15514 0.1790905429
15546 0.1790905425
15585 0.1790905422
15751 0.1790905420
15772 0.1790905419
15810 0.1790905418
15894 0.1790905417
15926 0.1790905416
16200 0.1790905414
17319 0.1790905413
18729 0.1790905412
50000 0.5634947212
evaluations raw_y
1 10.7832776611
5 6.9501664603
10 5.1882223101
28 4.6383054299
61 4.5383311448
151 4.0812282903
187 2.4292902935
977 2.3657840779
983 2.2474148989
1007 1.4426037062
1094 1.0670943565
1178 0.8400926054
1189 0.8188942047
1264 0.5153661872
1525 0.4777409169
1580 0.4633459007
1588 0.4479481680
1629 0.4435424224
1706 0.4075820971
1738 0.4052010141
1818 0.4013929970
1839 0.3793694661
1840 0.3618640306
2064 0.3603779822
2093 0.3584059596
2223 0.3560452110
2225 0.3560301913
2254 0.3542979654
2320 0.3522643087
2350 0.3491020010
2379 0.3486984444
2444 0.3474494008
2467 0.3470615398
2477 0.3460837137
2507 0.3448663165
2687 0.3447904517
2711 0.3446499764
2715 0.3440657532
2742 0.3437266109
2791 0.3437019815
2802 0.3435476015
2804 0.3434183396
2829 0.3434005949
2836 0.3433626252
2842 0.3429570321
2852 0.3429275379
2858 0.3426029543
2926 0.3426004968
2935 0.3423439993
2952 0.3423281881
2956 0.3423210666
2964 0.3419179712
2980 0.3418291940
2992 0.3416352761
3052 0.3414400494
3094 0.3414232398
3178 0.3413523268
3180 0.3412841909
3188 0.3412576997
3219 0.3410523601
3237 0.3410103128
3239 0.3408959215
3290 0.3408030798
3335 0.3407915481
3355 0.3407411060
3452 0.3407316018
3489 0.3407267669
3510 0.3407138577
3514 0.3406893749
3550 0.3406788134
3577 0.3406627408
3583 0.3406251758
3596 0.3406110281
3731 0.3406007480
3787 0.3405976156
3800 0.3405923596
3813 0.3405902541
3848 0.3405836816
3960 0.3405812883
3990 0.3405800228
3995 0.3405778731
4012 0.3405755956
4037 0.3405718258
4051 0.3405629874
4129 0.3405621088
4149 0.3405597851
4216 0.3405588397
4240 0.3405582736
4264 0.3405572590
4306 0.3405552818
4331 0.3405542334
4458 0.3405541091
4467 0.3405537643
4468 0.3405533194
4491 0.3405532148
4581 0.3405530930
4613 0.3405529593
4683 0.3405528145
4704 0.3405526809
4721 0.3405526467
4746 0.3405524957
4793 0.3405524827
4875 0.3405524792
4891 0.3405523382
5059 0.3405523138
5117 0.3405522762
5127 0.3405522085
5177 0.3405522076
5186 0.3405521994
5195 0.3405521893
5205 0.3405521891
5206 0.3405521595
5226 0.3405521244
5347 0.3405520992
5392 0.3405520841
5521 0.3405520794
5550 0.3405520682
5717 0.3405520681
5817 0.3405520665
5950 0.3405520661
6080 0.3405520658
6149 0.3405520648
6163 0.3405520646
6197 0.3405520644
6275 0.3405520643
6522 0.3405520642
6634 0.3405520641
6708 0.3405520638
7264 0.3405520637
7300 0.3405520636
7415 0.3405520635
7525 0.3405520634
7545 0.3405520632
7816 0.3405520629
8031 0.3405520628
8081 0.3405520626
8547 0.3405520624
8618 0.3405520622
8693 0.3405520621
9066 0.3405520619
9456 0.3405520618
9467 0.3405520616
9782 0.3405520614
9833 0.3405520612
9845 0.3405520610
9872 0.3405520608
10056 0.3405520606
10082 0.3405520605
10155 0.3405520603
10289 0.3405520602
10617 0.3405520601
10926 0.3405520600
11185 0.3405520599
11274 0.3405520598
11842 0.3405520595
12441 0.3405520594
12642 0.3405520592
12741 0.3405520591
12807 0.3405520588
12880 0.3405520587
14040 0.3405520586
50000 0.7327813864
evaluations raw_y
1 9.5642368111
11 7.3545183223
21 5.5518972259
23 5.5209900333
73 4.7498011073
189 4.5120013952
203 4.3580761689
230 4.0202913918
277 2.8452364520
684 2.6134270954
1127 2.1466112590
1166 1.9414571807
1250 1.7773118058
1273 1.7468659636
1306 1.4599809747
1357 1.4226563142
1386 1.2840461991
1395 1.2651963361
1463 1.1759901996
1484 1.0504942973
1541 1.0469414953
1542 0.8988883338
1568 0.8799887183
1590 0.8530074412
1680 0.8307997002
1721 0.8146425291
1724 0.8063792358
1745 0.7459356502
1796 0.7258086595
1838 0.6906099942
1865 0.6671463632
1890 0.6669964929
1927 0.6485916546
1974 0.6241674510
2034 0.6184203569
2101 0.6030741952
2471 0.6026050792
2501 0.6010454046
2516 0.6010336975
2535 0.5999262384
2545 0.5997853577
2548 0.5983391814
2563 0.5978974021
2584 0.5960139487
2626 0.5951127062
2634 0.5949495496
2666 0.5925505092
2680 0.5922997842
2691 0.5920505523
2698 0.5913786516
2733 0.5905688862
2772 0.5905096172
2918 0.5902422726
2959 0.5898588558
2982 0.5893962795
3012 0.5891306582
3080 0.5885938252
3090 0.5885043173
3138 0.5882959637
3147 0.5882787307
3150 0.5881352778
3165 0.5880773611
3213 0.5878716101
3290 0.5878585461
3343 0.5877135551
3390 0.5876824494
3446 0.5876136916
3448 0.5874934920
3527 0.5874741662
3678 0.5874720097
3693 0.5874664413
3709 0.5874617212
3723 0.5874573471
3762 0.5874236191
3883 0.5874182386
3963 0.5874144694
3974 0.5874084939
3976 0.5874032954
4077 0.5874002608
4198 0.5873989741
4291 0.5873977916
4379 0.5873975888
4382 0.5873974408
4441 0.5873971477
4501 0.5873953371
4694 0.5873952171
4720 0.5873951809
4767 0.5873949811
4770 0.5873947245
4810 0.5873946233
4884 0.5873945689
4895 0.5873944391
5020 0.5873943595
5059 0.5873943246
5210 0.5873942785
5211 0.5873942480
5249 0.5873942330
5297 0.5873942303
5331 0.5873942196
5475 0.5873942179
5483 0.5873942062
5492 0.5873941941
5697 0.5873941921
5725 0.5873941913
5741 0.5873941901
5767 0.5873941877
5820 0.5873941866
5848 0.5873941851
5964 0.5873941850
6012 0.5873941847
6061 0.5873941841
6080 0.5873941831
6089 0.5873941816
6215 0.5873941812
6280 0.5873941811
6287 0.5873941808
6645 0.5873941805
6917 0.5873941804
6982 0.5873941802
7044 0.5873941801
9271 0.5702146751
9424 0.5302448503
9456 0.5068201150
9497 0.5063541987
9520 0.4890741107
9587 0.4889248342
9591 0.4397844254
9683 0.4131491238
9961 0.4116234478
10061 0.4106843118
10110 0.4103102405
10114 0.4095118792
10179 0.4088876379
10182 0.4066207337
10200 0.4015822820
10251 0.3985025995
10304 0.3977936859
10321 0.3947010222
10334 0.3943664362
10383 0.3933359277
10433 0.3928422633
10450 0.3928251406
10528 0.3926845289
10550 0.3924392605
10579 0.3917504246
10583 0.3916636825
10634 0.3914258922
10708 0.3909026857
10764 0.3907884264
10798 0.3906695229
10805 0.3905450697
10835 0.3905163487
10870 0.3903394144
11002 0.3902035613
11105 0.3901946196
11171 0.3900931674
11174 0.3900725009
11227 0.3900519410
11371 0.3900275006
11383 0.3900218610
11413 0.3900143132
11424 0.3900050260
11427 0.3900037645
11428 0.3899953391
11432 0.3899672073
11468 0.3899628338
11487 0.3899562689
11511 0.3899539074
11512 0.3899347142
11557 0.3899314196
11569 0.3899263087
11734 0.3899258286
11746 0.3899185601
11855 0.3899135427
11889 0.3899091523
12102 0.3899075672
12308 0.3899074622
12314 0.3899072084
12430 0.3899070428
12493 0.3899067830
12506 0.3899066885
12623 0.3899066521
12652 0.3899066497
12668 0.3899066294
12685 0.3899065388
12794 0.3899064983
12851 0.3899064387
12859 0.3899064331
12878 0.3899064082
12899 0.3899063965
12907 0.3899063821
12926 0.3899063598
12935 0.3899063566
12937 0.3899062436
12954 0.3899062379
12968 0.3899062061
13038 0.3899061793
13071 0.3899061779
13072 0.3899061641
13338 0.3899061622
13340 0.3899061620
13427 0.3899061615
13440 0.3899061571
13534 0.3899061558
13543 0.3899061528
13582 0.3899061520
13646 0.3899061514
13648 0.3899061509
13703 0.3899061501
13714 0.3899061498
13725 0.3899061491
13733 0.3899061485
13739 0.3899061483
13751 0.3899061482
13767 0.3899061472
13810 0.3899061467
13828 0.3899061462
13837 0.3899061460
13877 0.3899061455
13983 0.3899061453
14000 0.3899061446
14177 0.3899061445
14384 0.3899061444
14573 0.3899061442
14593 0.3899061440
14887 0.3899061439
14918 0.3899061438
15543 0.3899061437
15823 0.3899061435
16119 0.3899061432
17226 0.3899061431
17541 0.3899061430
17618 0.3899061428
18513 0.3899061427
18623 0.3899061426
19441 0.3899061424
19688 0.3899061423
22509 0.3786946003
22637 0.3563385077
22739 0.3149657241
22756 0.2901175007
22825 0.2547336825
23019 0.2498329154
23037 0.2444655992
23063 0.2437498796
23094 0.2328813028
23117 0.2304853800
23171 0.2246724476
23174 0.2242899215
23200 0.2232905132
23213 0.2231083082
23231 0.2185279532
23254 0.2182788036
23295 0.2163563270
23340 0.2148477858
23410 0.2146655238
23468 0.2132505731
23471 0.2084444368
23524 0.2079244946
23589 0.2070597919
23610 0.2069656306
23626 0.2063207923
23635 0.2060009006
23636 0.2046660044
23651 0.2041384727
23676 0.2032525475
23682 0.2027775367
23691 0.2026370468
23742 0.2020390485
23756 0.2015525768
23764 0.2014593957
23765 0.2011714632
23793 0.2005034705
23924 0.2004989454
23927 0.1998833046
23937 0.1995380817
23938 0.1988648385
23983 0.1988387355
24056 0.1986170332
24067 0.1984058068
24237 0.1983861829
24256 0.1980868718
24307 0.1980585048
24321 0.1979313122
24370 0.1978737836
24382 0.1978272069
24422 0.1977474082
24532 0.1977438743
24552 0.1977329058
24583 0.1976617364
24654 0.1976485354
24693 0.1976472567
24727 0.1976470796
24731 0.1976468760
24780 0.1976440156
24793 0.1976410115
24796 0.1976402244
24825 0.1976206986
24831 0.1976165243
24868 0.1976072874
24898 0.1976037721
24920 0.1975953813
24945 0.1975916456
24977 0.1975885711
24981 0.1975876606
24999 0.1975849757
25024 0.1975799987
25054 0.1975748298
25172 0.1975687380
25203 0.1975665376
25210 0.1975650594
25494 0.1975648911
25543 0.1975639723
25544 0.1975634084
25572 0.1975629977
25631 0.1975621815
25786 0.1975621533
25804 0.1975620279
25818 0.1975619130
25827 0.1975617980
25854 0.1975617536
25889 0.1975616571
25924 0.1975616563
25938 0.1975615637
25945 0.1975613917
25949 0.1975612797
25950 0.1975612675
25962 0.1975612594
25972 0.1975611818
25980 0.1975611631
26011 0.1975611058
26014 0.1975610403
26047 0.1975609005
26113 0.1975608562
26115 0.1975608504
26217 0.1975608398
26227 0.1975608387
26253 0.1975607726
26257 0.1975607719
26265 0.1975607663
26268 0.1975607470
26271 0.1975607035
26290 0.1975606892
26323 0.1975606659
26449 0.1975606249
26506 0.1975605782
26745 0.1975605740
26754 0.1975605726
26778 0.1975605689
26782 0.1975605644
26818 0.1975605637
26848 0.1975605616
26859 0.1975605611
26899 0.1975605576
26936 0.1975605539
26972 0.1975605531
26973 0.1975605512
26977 0.1975605502
26996 0.1975605499
27018 0.1975605489
27054 0.1975605456
27066 0.1975605455
27092 0.1975605449
27096 0.1975605430
27117 0.1975605426
27130 0.1975605415
27221 0.1975605398
27271 0.1975605390
27349 0.1975605386
27361 0.1975605385
27370 0.1975605382
27399 0.1975605375
27452 0.1975605372
27485 0.1975605368
27499 0.1975605364
27516 0.1975605362
27535 0.1975605356
27549 0.1975605352
27732 0.1975605351
27979 0.1975605349
28000 0.1975605348
28066 0.1975605346
28196 0.1975605345
28290 0.1975605343
28451 0.1975605342
28483 0.1975605341
28554 0.1975605339
28697 0.1975605338
28955 0.1975605336
28990 0.1975605335
29038 0.1975605333
29044 0.1975605332
29110 0.1975605331
29239 0.1975605329
29315 0.1975605327
29388 0.1975605324
29470 0.1975605321
29694 0.1975605320
29706 0.1975605317
29816 0.1975605316
29855 0.1975605314
29924 0.1975605313
29968 0.1975605311
29978 0.1975605310
29987 0.1975605308
30120 0.1975605307
30225 0.1975605305
30389 0.1975605304
30393 0.1975605303
30409 0.1975605301
30857 0.1975605299
31280 0.1975605298
31352 0.1975605296
32203 0.1975605295
32231 0.1975605294
32338 0.1975605292
32381 0.1975605289
32385 0.1975605287
32503 0.1975605286
32527 0.1975605284
32600 0.1975605283
32730 0.1975605282
32829 0.1975605280
32898 0.1975605279
33026 0.1975605277
33204 0.1975605275
33388 0.1975605274
50000 0.8754325439
evaluations raw_y
1 7.8585633549
4 4.0057262864
116 2.2459397769
2031 2.2442990586
2050 2.2159903645
2099 1.8627178270
2106 1.7044649966
2120 1.6639406652
2160 1.5553779358
2197 1.3863924368
2215 1.3172349340
2231 1.1722624798
2272 1.1663252066
2278 0.8095574139
2287 0.7598902495
2341 0.7312123650
2378 0.7115135217
2407 0.6198463283
2499 0.5294849606
2537 0.5118240521
2547 0.4971036473
2607 0.4619775691
2630 0.4559699065
2646 0.4258770878
2726 0.4102179007
2845 0.3959556658
2883 0.3850646090
2955 0.3716150724
2999 0.3596797545
3060 0.3577081815
3084 0.3565975792
3085 0.3557416960
3107 0.3555969443
3108 0.3483039680
3141 0.3465203416
3149 0.3387837597
3172 0.3351741149
3176 0.3337682272
3216 0.3328483180
3224 0.3318134172
3244 0.3294414792
3314 0.3282673019
3335 0.3273995842
3354 0.3259278093
3400 0.3247141323
3404 0.3225027186
3430 0.3220523591
3502 0.3218464734
3516 0.3203415628
3558 0.3178775653
3684 0.3170806284
3831 0.3170619003
3843 0.3167586109
3908 0.3162929742
3985 0.3162560617
4022 0.3160485535
4095 0.3158181675
4137 0.3158024333
4141 0.3157487482
4149 0.3156333329
4179 0.3154964959
4231 0.3154586837
4280 0.3154353775
4310 0.3154339265
4340 0.3153748342
4372 0.3153685549
4397 0.3153098981
4441 0.3152949532
4446 0.3152913428
4448 0.3152588081
4465 0.3151915967
4493 0.3151643239
4584 0.3151448631
4639 0.3151366437
4803 0.3151330120
4827 0.3151329848
4858 0.3151243148
4871 0.3151215549
4900 0.3151181493
4919 0.3151168951
4975 0.3151160802
4993 0.3151156605
4997 0.3151146982
5002 0.3151057386
5151 0.3151024381
5233 0.3151008682
5266 0.3151006115
5377 0.3151002594
5385 0.3150996908
5402 0.3150996128
5408 0.3150995689
5410 0.3150993707
5421 0.3150992928
5443 0.3150990118
5528 0.3150986885
5596 0.3150983962
5610 0.3150978365
5676 0.3150976878
5775 0.3150974947
5898 0.3150974000
5903 0.3150973462
6070 0.3150972725
6079 0.3150972721
6095 0.3150972550
6147 0.3150972532
6215 0.3150972509
6237 0.3150972482
6244 0.3150972286
6260 0.3150972006
6290 0.3150971978
6292 0.3150971902
6343 0.3150971882
6399 0.3150971772
6435 0.3150971723
6610 0.3150971672
6633 0.3150971609
6729 0.3150971596
6808 0.3150971593
6872 0.3150971587
6877 0.3150971579
6881 0.3150971573
6920 0.3150971568
6958 0.3150971556
7029 0.3150971542
7126 0.3150971541
7156 0.3150971537
7267 0.3150971534
7325 0.3150971530
7496 0.3150971528
7575 0.3150971527
7838 0.3150971525
50000 0.7168042000
evaluations raw_y
1 6.9515393405
31 5.5903936137
44 5.0741014460
98 4.5437156355
99 4.1127068033
129 3.7605314496
394 2.4414185623
923 1.8911093342
1008 1.6671764248
1132 1.6319456637
1205 1.4907940274
1236 1.4161145243
1240 0.7595859321
1312 0.6769779330
1359 0.6437894385
1411 0.6147031258
1431 0.5571065336
1440 0.5092150823
1452 0.4781198381
1502 0.4565262231
1513 0.4329031972
1536 0.4185869025
1539 0.4044031146
1702 0.4037931876
1726 0.4029959728
1741 0.3658814441
1789 0.3527150394
1818 0.3483827936
1843 0.3410021834
1930 0.3394461948
1939 0.3342187730
1944 0.3308435238
1960 0.3101061029
2006 0.2972456344
2042 0.2968170376
2046 0.2944167840
2311 0.2917448892
2375 0.2901290587
2403 0.2886401381
2447 0.2881636027
2473 0.2870476808
2534 0.2866183675
2553 0.2860773374
2601 0.2848025314
2747 0.2847826644
2760 0.2844021206
2771 0.2842142945
2780 0.2838370616
2849 0.2838244912
2887 0.2837465531
2896 0.2834031613
2981 0.2833191525
3039 0.2831585671
3072 0.2830741435
3340 0.2830674395
3412 0.2830476856
3426 0.2830314449
3451 0.2830151778
3467 0.2830146932
3498 0.2830137132
3502 0.2829637815
3547 0.2829395622
3585 0.2829387492
3649 0.2829359658
3684 0.2829283755
3702 0.2829250690
3714 0.2829170060
3825 0.2829152306
3855 0.2829122810
3863 0.2829089981
3920 0.2829079281
3958 0.2829067428
3972 0.2829044450
4100 0.2829042983
4133 0.2829042105
4135 0.2829035568
4154 0.2829032919
4189 0.2829032018
4239 0.2829022054
4254 0.2829019913
4326 0.2829008015
4372 0.2829007009
4433 0.2829006614
4491 0.2829002483
4526 0.2829002057
4540 0.2829000317
4646 0.2828999275
4656 0.2828998536
4681 0.2828996185
4917 0.2828996157
4952 0.2828995863
5020 0.2828995794
5048 0.2828995377
5116 0.2828995296
5188 0.2828995137
5329 0.2828995135
5335 0.2828995028
5349 0.2828995017
5458 0.2828994940
5567 0.2828994920
5664 0.2828994917
5721 0.2828994913
5899 0.2828994912
5922 0.2828994910
5968 0.2828994905
6191 0.2828994902
50000 0.3819873757
evaluations raw_y
1 18.4267023245
2 16.3967658521
3 8.8558210881
5 8.7914576600
12 5.6038856764
13 5.4176749987
82 5.0011779059
83 3.9787078159
360 2.7129123696
934 2.2533895165
984 1.5256647184
1011 1.4956220444
1103 0.8429234646
1243 0.8167275257
1501 0.7656456601
1502 0.7393002386
1511 0.6008679433
1532 0.6007672616
1547 0.5768747469
1596 0.5155142681
1611 0.4987589631
1620 0.4917987334
1621 0.4881621459
1666 0.4709660788
1690 0.4401909952
1707 0.4172627413
1726 0.3883102318
1901 0.3635491844
2030 0.3516143754
2064 0.3483108735
2117 0.3467973982
2158 0.3453621061
2216 0.3402253560
2219 0.3319955053
2316 0.3318470425
2340 0.3301344829
2375 0.3279841072
2581 0.3279174607
2597 0.3278979855
2608 0.3271029451
2618 0.3269697382
2637 0.3260067951
2644 0.3256925918
2725 0.3241137801
2839 0.3236543953
2863 0.3234605505
2880 0.3234542664
2884 0.3233849565
2927 0.3232157506
2953 0.3231138497
2958 0.3230794082
2975 0.3230616058
2979 0.3230252907
2980 0.3230019795
2984 0.3226934999
3011 0.3225678256
3023 0.3225119945
3032 0.3222736208
3044 0.3221691716
3051 0.3221410533
3060 0.3218541964
3067 0.3217503433
3102 0.3217378906
3103 0.3216404852
3181 0.3216022009
3199 0.3215758448
3201 0.3215456408
3203 0.3214728459
3215 0.3214321909
3296 0.3213742687
3390 0.3212929148
3407 0.3212390645
3467 0.3211798796
3469 0.3211535839
3503 0.3211157722
3627 0.3211017721
3633 0.3210958019
3645 0.3210753914
3747 0.3210722491
3788 0.3210635906
3806 0.3210572788
3817 0.3210464688
3886 0.3210463760
3898 0.3210442711
3904 0.3210341397
3916 0.3210331935
3948 0.3210180068
3963 0.3210107082
3987 0.3210038480
4002 0.3209969642
4017 0.3209880074
4030 0.3209801302
4130 0.3209662140
4224 0.3209636809
4280 0.3209620831
4297 0.3209611815
4326 0.3209591672
4338 0.3209591626
4340 0.3209578458
4341 0.3209574276
4362 0.3209555542
4365 0.3209534824
4372 0.3209530749
4403 0.3209526303
4434 0.3209518698
4475 0.3209516684
4487 0.3209508740
4625 0.3209508141
4699 0.3209500962
4756 0.3209499366
4840 0.3209497430
4856 0.3209495164
4876 0.3209492766
4883 0.3209489535
4949 0.3209488246
5005 0.3209487543
5037 0.3209486522
5073 0.3209485845
5123 0.3209485191
5255 0.3209485096
5264 0.3209484994
5285 0.3209484758
5402 0.3209484621
5418 0.3209484588
5436 0.3209484020
5676 0.3209483942
5720 0.3209483874
5742 0.3209483854
5840 0.3209483778
5912 0.3209483773
5925 0.3209483762
5942 0.3209483753
5956 0.3209483732
5973 0.3209483724
5981 0.3209483707
6004 0.3209483702
6051 0.3209483698
6136 0.3209483692
6172 0.3209483669
6324 0.3209483663
6491 0.3209483659
6515 0.3209483657
6723 0.3209483655
50000 0.5960484435
evaluations raw_y
1 6.0054304754
8 3.7338076005
636 3.6049886382
664 3.2789389602
893 2.8729377116
955 2.6080639976
959 2.0670956820
990 1.3916064103
1096 1.2355416874
1143 1.2017239414
1161 0.9602533466
1174 0.9029201872
1217 0.6622098149
1351 0.5451967584
1353 0.5092660783
1425 0.4557524697
1473 0.4264221585
1629 0.4072632019
1641 0.3689089917
1897 0.3602882325
1910 0.3595278650
1948 0.3487021887
1964 0.3463132052
2001 0.3384265292
2022 0.3366069511
2048 0.3319656908
2175 0.3270675790
2195 0.3222719270
2253 0.3217490390
2259 0.3182680224
2398 0.3174837008
2426 0.3166132779
2512 0.3153241671
2626 0.3153053154
2634 0.3152352796
2686 0.3151343035
2692 0.3150290940
2701 0.3149430744
2733 0.3140945535
2812 0.3139960688
2884 0.3138646549
2917 0.3138377927
2944 0.3138374195
2945 0.3137859335
2964 0.3137594183
2977 0.3136673768
3035 0.3136282824
3051 0.3134990086
3113 0.3134916906
3115 0.3134597646
3168 0.3134566320
3189 0.3133803366
3196 0.3133253843
3323 0.3133082314
3351 0.3132875102
3355 0.3132728682
3385 0.3132725226
3407 0.3132534877
3423 0.3132248634
3526 0.3132242577
3528 0.3132101584
3529 0.3132051795
3549 0.3132049827
3578 0.3132030844
3584 0.3131738496
3653 0.3131645029
3718 0.3131589789
3727 0.3131587090
3797 0.3131568253
3807 0.3131540075
3849 0.3131486496
3920 0.3131478869
4015 0.3131476102
4019 0.3131457566
4024 0.3131452022
4049 0.3131437043
4167 0.3131428114
4213 0.3131422304
4398 0.3131417649
4409 0.3131416062
4421 0.3131415250
4447 0.3131411875
4713 0.3131410440
4718 0.3131409742
4794 0.3131409446
4884 0.3131408787
4923 0.3131408583
4925 0.3131408083
4949 0.3131407825
4996 0.3131407426
5135 0.3131407332
5149 0.3131407202
5205 0.3131407099
5359 0.3131407051
5642 0.3131407046
5748 0.3131407043
5782 0.3131407030
5793 0.3131407023
5870 0.3131407020
5902 0.3131407015
6104 0.3131407012
6120 0.3131407009
6278 0.3131407008
6586 0.3131407006
50000 0.4312393547
evaluations raw_y
1 26.5404585935
2 8.9797889501
17 8.0436281302
21 5.9667980920
42 2.6559064298
169 2.3096754571
848 2.0194872139
1120 1.4502088703
1129 1.4150473913
1183 1.4148294899
1185 1.2239408217
1186 1.1723755572
1204 1.1624451402
1249 1.0367543558
1287 0.8721552590
1361 0.8049740095
1405 0.6832629999
1517 0.6762887425
1612 0.6355120682
1613 0.6302851886
1634 0.6082254243
1642 0.5217691869
1659 0.5213115567
1734 0.4849909934
2057 0.4767783162
2068 0.4645278031
2084 0.4632947117
2091 0.4584202712
2114 0.4530152642
2139 0.4528862361
2140 0.4524521342
2144 0.4383458641
2171 0.4338738328
2207 0.4254126483
2245 0.4201769171
2346 0.4190923657
2411 0.4165507760
2437 0.4143657577
2449 0.4125304812
2484 0.4115765035
2531 0.4109606970
2553 0.4101273467
2605 0.4087925068
2689 0.4073222994
2720 0.4070849832
2774 0.4069274036
2828 0.4068279733
2909 0.4066277280
2912 0.4065072431
2936 0.4062356966
2953 0.4062353213
2973 0.4061695756
2986 0.4061425620
2992 0.4061025616
2997 0.4059403089
3003 0.4059302907
3013 0.4058123369
3022 0.4057074084
3111 0.4055714400
3117 0.4054461687
3133 0.4053888523
3239 0.4053500337
3312 0.4052168516
3343 0.4052046937
3372 0.4051208618
3393 0.4050838362
3460 0.4050467135
3464 0.4050394685
3518 0.4050294381
3529 0.4050214033
3569 0.4049629896
3581 0.4049562794
3586 0.4049429655
3695 0.4049313079
3705 0.4049251577
3757 0.4049045687
3761 0.4049029600
3892 0.4048894416
3926 0.4048795959
4004 0.4048771858
4170 0.4048769382
4174 0.4048734822
4200 0.4048729336
4207 0.4048704738
4464 0.4048702287
4584 0.4048701729
4585 0.4048698140
4621 0.4048696236
4668 0.4048695981
4709 0.4048693690
4734 0.4048693570
4770 0.4048693487
4822 0.4048689232
4947 0.4048688949
5042 0.4048688916
5072 0.4048688843
5202 0.4048688564
5244 0.4048688413
5254 0.4048688371
5289 0.4048688229
5344 0.4048688189
5379 0.4048688038
5414 0.4048687967
5434 0.4048687870
5565 0.4048687866
5627 0.4048687821
5734 0.4048687811
5768 0.4048687809
5817 0.4048687776
5835 0.4048687771
5927 0.4048687764
6066 0.4048687761
6074 0.4048687754
6103 0.4048687751
6250 0.4048687749
6364 0.4048687748
6429 0.4048687746
50000 0.6172717005
evaluations raw_y
1 11.3574466372
4 6.9232452295
24 4.9990302427
38 2.4652608565
1281 2.4111465270
2022 2.4037471175
2026 2.2333381395
2087 1.9368416644
2116 1.4951468617
2213 1.3893009682
2228 1.3800536950
2232 1.2975083735
2268 0.9440313342
2467 0.9410220985
2482 0.9391282141
2518 0.9179542234
2566 0.8890716976
2635 0.8075300484
2811 0.8004366453
2890 0.7996768627
2955 0.7773843694
3048 0.7759140439
3080 0.7719160505
3098 0.7711117683
3149 0.7693413106
3194 0.7692859467
3253 0.7659539025
3351 0.7654377248
3354 0.7645560480
3379 0.7634878614
3439 0.7628865360
3445 0.7618359565
3538 0.7614231395
3558 0.7602642844
3675 0.7597089214
3760 0.7594440830
3903 0.7592774333
3904 0.7592555553
3945 0.7592443371
3962 0.7592324671
3976 0.7591556793
3978 0.7591464652
4048 0.7590760066
4129 0.7590464867
4181 0.7590428382
4294 0.7590347522
4324 0.7590330859
4333 0.7590236833
4342 0.7589819334
4449 0.7589605767
4550 0.7589548873
4568 0.7589543868
4587 0.7589543660
4627 0.7589507857
4628 0.7589482367
4654 0.7589412013
4660 0.7589270580
4786 0.7589246663
5028 0.7589242367
5044 0.7589237370
5129 0.7589230709
5284 0.7589225351
5285 0.7589222805
5294 0.7589220221
5386 0.7589218093
5451 0.7589216588
5487 0.7589215303
5558 0.7589214310
5601 0.7589214072
5603 0.7589213858
5629 0.7589213352
5659 0.7589213025
5661 0.7589212795
5679 0.7589212355
5681 0.7589210047
5721 0.7589208980
5734 0.7589208714
5954 0.7589208493
6044 0.7589208328
6053 0.7589208109
6201 0.7589208041
6259 0.7589207944
6333 0.7589207939
6370 0.7589207922
6602 0.7589207909
6606 0.7589207902
6611 0.7589207899
6651 0.7589207895
6666 0.7589207880
6710 0.7589207874
6733 0.7589207872
6867 0.7589207870
6894 0.7589207865
6910 0.7589207860
7028 0.7589207856
7322 0.7589207854
7443 0.7589207853
10322 0.7275445134
10330 0.6163695616
10352 0.5696207544
10374 0.5261730549
10551 0.5172934098
10556 0.4718549833
10562 0.4534351876
10577 0.4414648250
10580 0.3955032225
10626 0.3644943964
10649 0.3601544465
10651 0.2969226766
10689 0.2896454927
10806 0.2847922752
10840 0.2802178408
10849 0.2720029203
10856 0.2544080293
10956 0.2533963647
10975 0.2481062474
10987 0.2470026660
10997 0.2270253399
11136 0.2265403370
11160 0.2241933983
11199 0.2208894560
11270 0.2178097065
11302 0.2154231022
11459 0.2136244059
11507 0.2131046874
11598 0.2127290646
11655 0.2125419335
11695 0.2123377941
11764 0.2121475374
11783 0.2120181476
11793 0.2116665444
11870 0.2116002303
11888 0.2114119657
11916 0.2113354682
11970 0.2111225825
11984 0.2111134324
11994 0.2109251949
11997 0.2108740415
12007 0.2108126692
12031 0.2106099273
12071 0.2105041390
12173 0.2104066814
12180 0.2103791625
12189 0.2103549654
12195 0.2103539393
12214 0.2102179700
12299 0.2101980097
12311 0.2101757514
12319 0.2101205281
12339 0.2101056410
12349 0.2100698165
12462 0.2100677284
12473 0.2100590420
12499 0.2100118579
12540 0.2100074549
12605 0.2099997737
12643 0.2099992010
12644 0.2099726921
12654 0.2099476884
12764 0.2099384349
12839 0.2099345760
12922 0.2099317618
13048 0.2099269060
13131 0.2099264000
13172 0.2099257782
13182 0.2099239258
13193 0.2099222411
13229 0.2099208406
13269 0.2099194501
13494 0.2099193330
13501 0.2099193195
13551 0.2099193043
13574 0.2099192958
13649 0.2099192789
13658 0.2099190619
13684 0.2099188212
13694 0.2099187745
13695 0.2099186368
13712 0.2099185523
13797 0.2099184915
13892 0.2099184316
13904 0.2099184283
13919 0.2099183948
13933 0.2099183534
14000 0.2099183346
14049 0.2099182894
14087 0.2099182824
14088 0.2099181903
14542 0.2099181875
14553 0.2099181850
14611 0.2099181841
14630 0.2099181789
14694 0.2099181759
14882 0.2099181748
14896 0.2099181746
15013 0.2099181742
15029 0.2099181739
15041 0.2099181735
15046 0.2099181733
15057 0.2099181729
15157 0.2099181727
15160 0.2099181723
15219 0.2099181721
15241 0.2099181719
15244 0.2099181715
15368 0.2099181714
15464 0.2099181713
15541 0.2099181710
15694 0.2099181708
50000 0.6124452710
evaluations raw_y
1 11.9257416501
2 11.1075606414
3 7.3772962155
11 6.9207432285
61 6.2420932651
74 5.9638217467
79 4.2293800534
91 2.2955417429
1997 2.2462644749
2015 2.0502371624
2043 1.7953611736
2052 1.6576138983
2064 1.1292312590
2134 1.0807784636
2142 1.0300634264
2296 0.9274325853
2305 0.8445397200
2353 0.7080625007
2372 0.6719187144
2380 0.6316564149
2391 0.5786272927
2709 0.5426304319
2714 0.5350501488
2736 0.5328924250
2746 0.5217951246
2777 0.5148308794
2785 0.5146542450
2809 0.5126298705
2822 0.5035692166
2842 0.4904672376
2890 0.4617738925
3079 0.4559681394
3099 0.4526908732
3129 0.4492972612
3146 0.4480785068
3148 0.4480583665
3155 0.4447184560
3224 0.4446391131
3235 0.4426512766
3251 0.4377152189
3399 0.4375755454
3458 0.4364768348
3487 0.4358107266
3517 0.4349626753
3566 0.4337864889
3630 0.4336892692
3642 0.4331458693
3689 0.4329573697
3740 0.4321630740
3802 0.4321442246
3832 0.4320132433
3833 0.4316485861
3854 0.4313203851
3888 0.4310840905
3981 0.4309504466
3984 0.4308316451
3997 0.4307825986
4060 0.4307630358
4111 0.4307068129
4117 0.4306643798
4146 0.4305198736
4164 0.4304902370
4165 0.4304681895
4211 0.4303418159
4317 0.4303326219
4337 0.4303172451
4345 0.4302584523
4406 0.4302378549
4420 0.4302323955
4441 0.4302293584
4476 0.4302100779
4525 0.4301797762
4705 0.4301794139
4726 0.4301718753
4754 0.4301705545
4779 0.4301694702
4812 0.4301692402
4880 0.4301654787
4904 0.4301622696
4931 0.4301612504
4952 0.4301606140
4954 0.4301578196
5056 0.4301577898
5063 0.4301568637
5073 0.4301564262
5092 0.4301555431
5202 0.4301545454
5289 0.4301542143
5309 0.4301530891
5351 0.4301530430
5436 0.4301524495
5558 0.4301523587
5616 0.4301523144
5639 0.4301522407
5658 0.4301521757
5784 0.4301520277
5885 0.4301519967
5917 0.4301519343
6054 0.4301519117
6097 0.4301519066
6211 0.4301518997
6265 0.4301518916
6297 0.4301518874
6300 0.4301518754
6451 0.4301518728
6475 0.4301518722
6519 0.4301518705
6564 0.4301518672
6579 0.4301518628
6729 0.4301518624
6780 0.4301518622
6788 0.4301518619
6828 0.4301518616
6871 0.4301518614
6899 0.4301518613
6917 0.4301518608
7079 0.4301518607
7215 0.4301518604
7295 0.4301518603
7308 0.4301518601
9620 0.4069029813
9687 0.3748577393
9740 0.3376120230
9836 0.3097203785
9848 0.3085364422
9854 0.2971611290
9879 0.2669139180
9914 0.2564356178
9933 0.2442932652
9959 0.2416747474
9964 0.2400269149
9977 0.2285422300
9997 0.2241995499
10058 0.2208899969
10071 0.2205617875
10075 0.2126146575
10109 0.2037896878
10128 0.1963449018
10235 0.1890188991
10319 0.1872807374
10380 0.1859927016
10392 0.1834734798
10470 0.1833034436
10480 0.1815478420
10489 0.1811511486
10526 0.1793924284
10546 0.1791849246
10590 0.1785399195
10608 0.1778992540
10619 0.1762651893
10628 0.1759967883
10661 0.1747826173
10665 0.1739427469
10702 0.1733161564
10727 0.1724810986
10801 0.1722451269
10903 0.1722101616
11003 0.1722098579
11005 0.1719066944
11009 0.1717476320
11018 0.1716740220
11106 0.1715854043
11184 0.1715367368
11206 0.1714466452
11215 0.1714083674
11300 0.1712950524
11382 0.1712681101
11413 0.1712485613
11419 0.1711904261
11426 0.1711801109
11434 0.1711732177
11440 0.1711689156
11447 0.1710328526
11457 0.1709772333
11491 0.1709484607
11512 0.1709162165
11526 0.1709055075
11531 0.1708526065
11543 0.1708493360
11548 0.1707752653
11569 0.1707370244
11668 0.1707190851
11736 0.1707044827
11780 0.1707018388
11813 0.1706838132
11928 0.1706834667
12016 0.1706777061
12017 0.1706741881
12055 0.1706726646
12097 0.1706721846
12148 0.1706670446
12159 0.1706665149
12166 0.1706568846
12177 0.1706563050
12178 0.1706491076
12201 0.1706470196
12263 0.1706434736
12324 0.1706394759
12340 0.1706383655
12405 0.1706378952
12419 0.1706365753
12428 0.1706332849
12494 0.1706329591
12548 0.1706317337
12575 0.1706304640
12600 0.1706303503
12637 0.1706293334
12647 0.1706292719
12748 0.1706292032
12758 0.1706291942
12768 0.1706290358
12785 0.1706287843
12808 0.1706286474
12826 0.1706283121
12841 0.1706282327
12864 0.1706282166
12870 0.1706275908
12871 0.1706275034
12874 0.1706274599
12900 0.1706274210
12908 0.1706271725
12919 0.1706270062
13035 0.1706268255
13036 0.1706267698
13078 0.1706267616
13088 0.1706266821
13122 0.1706266454
13178 0.1706266333
13180 0.1706264419
13203 0.1706263858
13401 0.1706263678
13424 0.1706263153
13463 0.1706263062
13486 0.1706262953
13488 0.1706262856
13505 0.1706262720
13580 0.1706262684
13590 0.1706262678
13652 0.1706262610
13655 0.1706262487
13854 0.1706262395
13892 0.1706262372
13906 0.1706262321
13962 0.1706262284
14013 0.1706262276
14126 0.1706262274
14175 0.1706262263
14199 0.1706262261
14329 0.1706262256
14386 0.1706262247
14461 0.1706262242
14537 0.1706262240
14764 0.1706262239
15400 0.1706262238
50000 0.1797100989
evaluations raw_y
1 6.8897740163
30 6.6574899428
40 4.7684150180
54 4.3535665386
103 1.7542724824
1418 1.4686239319
2085 1.2286168432
2190 1.1162716311
2241 1.0970894521
2277 1.0891716199
2345 1.0400825813
2364 0.9613288537
2374 0.9239985997
2400 0.9032725652
2432 0.8699530785
2447 0.8594188307
2458 0.7561721404
2482 0.7131113819
2536 0.6419513124
2537 0.6411896046
2575 0.6204794115
2682 0.6057541520
2764 0.5861530457
2798 0.5855832642
2799 0.5836927435
2807 0.5712187830
2836 0.5602744222
2855 0.5470169664
2864 0.5148391945
2877 0.5012258402
2937 0.4993630719
2955 0.4926303322
3041 0.4855877523
3078 0.4839512309
3108 0.4825250114
3141 0.4752919480
3157 0.4690902731
3195 0.4668392383
3245 0.4652441372
3307 0.4628351906
3356 0.4622499411
3378 0.4595631831
3414 0.4581840878
3507 0.4577737440
3563 0.4569402154
3598 0.4566124157
3692 0.4565025207
3706 0.4560469516
3730 0.4552716337
3790 0.4549880846
3810 0.4549625722
3817 0.4548328563
3886 0.4548022299
3899 0.4545577535
3924 0.4543017819
3936 0.4542417273
3938 0.4539410197
3953 0.4539393158
4022 0.4539310615
4103 0.4539215806
4105 0.4539170758
4112 0.4538175219
4244 0.4537476598
4256 0.4536074387
4317 0.4535931153
4424 0.4535718568
4430 0.4535350015
4478 0.4535332296
4527 0.4535040721
4591 0.4534981190
4601 0.4534827903
4635 0.4534809140
4784 0.4534736409
4797 0.4534694055
4813 0.4534640888
4815 0.4534615629
4818 0.4534523959
4878 0.4534490016
4881 0.4534459116
4936 0.4534459057
4956 0.4534409626
5055 0.4534392048
5096 0.4534369757
5154 0.4534366510
5174 0.4534359134
5191 0.4534335948
5218 0.4534335156
5266 0.4534333200
5280 0.4534331300
5310 0.4534321981
5317 0.4534318326
5348 0.4534314624
5458 0.4534314014
5460 0.4534307203
5566 0.4534306913
5588 0.4534304994
5589 0.4534302784
5683 0.4534299881
5706 0.4534299410
5750 0.4534298317
5917 0.4534298291
5926 0.4534298196
5930 0.4534297826
5974 0.4534296852
5985 0.4534296826
6000 0.4534296499
6004 0.4534295751
6029 0.4534295152
6122 0.4534294946
6203 0.4534294692
6262 0.4534294470
6268 0.4534294295
6342 0.4534294235
6460 0.4534294193
6512 0.4534294186
6538 0.4534294179
6539 0.4534294134
6552 0.4534294131
6571 0.4534294123
6606 0.4534294118
6614 0.4534294094
6664 0.4534294050
6700 0.4534294038
6746 0.4534294026
6771 0.4534294010
6921 0.4534294009
6928 0.4534294000
6963 0.4534293990
6977 0.4534293984
7150 0.4534293978
7205 0.4534293973
7274 0.4534293969
7647 0.4534293967
50000 0.8164559733
evaluations raw_y
1 9.3414202631
6 8.6906524170
20 6.3978907149
32 4.5359968427
56 4.1592384752
812 3.0342689278
908 2.4243815278
1001 1.3948115507
1080 1.3620448028
1151 1.3129610509
1190 1.2760425619
1205 1.1373212907
1287 1.0668611296
1294 0.8935682696
1313 0.8919380676
1318 0.8587362433
1322 0.8393459457
1377 0.7984864878
1393 0.6402246994
1398 0.5237336196
1412 0.4484302439
1496 0.4412375350
1543 0.4164071885
1627 0.3604306294
1650 0.3343299503
1705 0.3060083651
1743 0.2815033116
1761 0.2759071293
1832 0.2699616971
1854 0.2567528116
1893 0.2555496940
1927 0.2510164455
1960 0.2425176276
1998 0.2424392318
2000 0.2259615418
2011 0.2242190605
2136 0.2237650768
2214 0.2222197108
2228 0.2171408650
2233 0.2166656187
2286 0.2163932390
2305 0.2154533849
2320 0.2122098714
2448 0.2120871128
2472 0.2114792859
2484 0.2110009636
2488 0.2098806388
2517 0.2072995896
2801 0.2070231976
2824 0.2069970779
2856 0.2064604131
2866 0.2064332030
2870 0.2061399120
2887 0.2059272534
2910 0.2056478070
2965 0.2056198223
2966 0.2055199880
3017 0.2053352145
3030 0.2052333471
3046 0.2051370812
3092 0.2051013296
3100 0.2050726466
3105 0.2049078642
3206 0.2048610391
3214 0.2048437622
3219 0.2047655096
3287 0.2047010564
3292 0.2046680992
3306 0.2046022606
3367 0.2045700236
3409 0.2045533732
3498 0.2045460483
3512 0.2045445888
3516 0.2045339937
3523 0.2045304200
3531 0.2045074541
3564 0.2045023248
3572 0.2044752734
3580 0.2044648444
3633 0.2044569764
3638 0.2044374873
3664 0.2044023157
3697 0.2043974321
3753 0.2043965385
3841 0.2043864906
3903 0.2043803953
3914 0.2043792035
3932 0.2043733624
3997 0.2043708538
4063 0.2043692496
4097 0.2043662703
4123 0.2043653300
4126 0.2043642389
4139 0.2043636359
4204 0.2043625571
4242 0.2043616480
4294 0.2043594937
4322 0.2043590598
4333 0.2043587482
4334 0.2043586652
4343 0.2043569433
4399 0.2043565500
4493 0.2043560523
4496 0.2043558977
4542 0.2043554928
4597 0.2043553026
4653 0.2043552735
4712 0.2043549894
4859 0.2043549531
4895 0.2043548520
4911 0.2043548489
4913 0.2043547897
4929 0.2043547343
4947 0.2043546845
4951 0.2043546551
4977 0.2043544728
5064 0.2043544652
5072 0.2043543771
5130 0.2043543236
5138 0.2043542880
5146 0.2043542608
5166 0.2043542423
5208 0.2043542001
5220 0.2043541997
5236 0.2043541796
5279 0.2043541762
5294 0.2043541300
5366 0.2043541095
5444 0.2043540966
5505 0.2043540938
5521 0.2043540935
5559 0.2043540891
5575 0.2043540836
5592 0.2043540710
5752 0.2043540709
5753 0.2043540672
5845 0.2043540634
6014 0.2043540632
6024 0.2043540618
6040 0.2043540609
6050 0.2043540606
6084 0.2043540598
6109 0.2043540590
6255 0.2043540587
6297 0.2043540578
6478 0.2043540577
6502 0.2043540575
6656 0.2043540573
6703 0.2043540572
50000 0.2388017470
evaluations raw_y
1 17.5291492424
2 10.8172739276
4 9.0644826556
5 7.9496954025
15 4.6131996740
26 3.7532696642
82 3.5135340825
107 3.1963616637
273 1.6309905777
993 1.5608364347
1003 1.5053604177
1074 1.0432877278
1372 0.8362227727
1413 0.7334722580
1432 0.7005501626
1520 0.6764253395
1535 0.6008203319
1543 0.5968392515
1567 0.5903027618
1581 0.5255645393
1705 0.5205516335
1749 0.4983889127
1778 0.4921899726
1785 0.4870769267
1851 0.4738171053
1868 0.4612629551
1907 0.4545755230
1945 0.4511983904
1964 0.4429176658
2001 0.4407585111
2054 0.4346223780
2059 0.4312069880
2161 0.4281494459
2250 0.4241423439
2293 0.4240220674
2308 0.4198653929
2440 0.4193268403
2472 0.4192058376
2505 0.4187645770
2513 0.4175637471
2531 0.4173686239
2582 0.4173478067
2602 0.4168080406
2639 0.4156540224
2719 0.4155468406
2730 0.4147017207
2863 0.4145587677
2874 0.4142303796
2886 0.4139689282
2909 0.4134238743
3026 0.4132201315
3065 0.4131491353
3066 0.4131191511
3130 0.4130856886
3159 0.4130481495
3240 0.4130468717
3246 0.4130262390
3269 0.4130091056
3277 0.4129871979
3358 0.4129827004
3394 0.4129462745
3437 0.4128935045
3488 0.4128932568
3489 0.4128832547
3551 0.4128812654
3590 0.4128550135
3592 0.4128540139
3600 0.4128481008
3632 0.4128462177
3685 0.4128367741
3702 0.4128358057
3729 0.4128339446
3739 0.4128285319
3805 0.4128285310
3831 0.4128267066
3853 0.4128236423
3925 0.4128228558
3964 0.4128180134
4115 0.4128145024
4201 0.4128134736
4212 0.4128088224
4271 0.4128079649
4292 0.4128069621
4324 0.4128059021
4331 0.4128050475
4443 0.4128049537
4494 0.4128049044
4513 0.4128046863
4523 0.4128046272
4525 0.4128045239
4532 0.4128034480
4551 0.4128034379
4582 0.4128033785
4593 0.4128033233
4599 0.4128028419
4636 0.4128026396
4684 0.4128026273
4793 0.4128026210
4805 0.4128026204
4807 0.4128025626
4812 0.4128023054
4831 0.4128022734
4901 0.4128022255
4918 0.4128022181
4960 0.4128021939
4981 0.4128021826
5005 0.4128021727
5027 0.4128021605
5035 0.4128021111
5036 0.4128020885
5059 0.4128020733
5086 0.4128020472
5089 0.4128019803
5105 0.4128019586
5107 0.4128018740
5112 0.4128018582
5113 0.4128018176
5133 0.4128018020
5261 0.4128017864
5332 0.4128017835
5335 0.4128017557
5390 0.4128017511
5445 0.4128017470
5483 0.4128017461
5485 0.4128017445
5526 0.4128017390
5706 0.4128017384
5718 0.4128017362
5758 0.4128017360
5762 0.4128017310
5902 0.4128017293
5980 0.4128017288
6017 0.4128017286
6025 0.4128017284
6042 0.4128017282
6045 0.4128017274
6072 0.4128017272
6111 0.4128017271
6120 0.4128017263
6133 0.4128017250
6154 0.4128017240
6326 0.4128017237
6335 0.4128017235
6417 0.4128017226
6518 0.4128017223
6898 0.4128017220
7228 0.4128017219
7558 0.4128017218
7593 0.4128017217
7595 0.4128017215
7630 0.4128017214
7864 0.4128017212
8152 0.4128017211
8393 0.4128017209
8907 0.4128017207
50000 0.7101195380
evaluations raw_y
1 21.2362888379
2 16.3845778639
4 16.1359286701
5 10.8811463067
9 8.1017536436
10 4.1376996626
12 3.5189096242
23 3.4052947553
111 3.0544853470
232 2.4715321544
1020 2.2141213600
1048 2.1285005967
1057 1.7204960495
1343 1.6773900109
1359 1.5602214111
1418 1.5436307503
1482 1.4847327257
1530 1.2641632059
1640 1.2360867701
1645 1.2278590740
1657 1.2229097672
1678 1.2148182369
1719 1.1952989071
1729 1.0675872355
1788 1.0284429115
1819 1.0077784450
1824 1.0015208503
1831 0.9518467979
1867 0.9379216837
1975 0.9092440328
2047 0.8976250789
2078 0.8968619678
2087 0.8882674512
2105 0.8843518875
2171 0.8815597000
2199 0.8768251402
2231 0.8681819093
2317 0.8585311379
2354 0.8515422217
2448 0.8490794706
2603 0.8483649385
2723 0.8471743924
2872 0.8467522516
2884 0.8465815705
2901 0.8458503013
2904 0.8451651291
2913 0.8444916253
2952 0.8440808614
3018 0.8437814746
3024 0.8437470314
3055 0.8436807223
3082 0.8430987132
3180 0.8430044167
3287 0.8429822581
3300 0.8429631950
3314 0.8429341853
3316 0.8428757742
3333 0.8428684534
3427 0.8428506004
3432 0.8427877667
3442 0.8426753356
3503 0.8426529549
3510 0.8426024887
3682 0.8425965066
3749 0.8425906567
3848 0.8425884228
3913 0.8425818287
3976 0.8425814951
4001 0.8425810517
4012 0.8425781870
4023 0.8425714127
4032 0.8425618238
4054 0.8425585640
4148 0.8425576212
4161 0.8425569796
4176 0.8425540869
4193 0.8425499541
4224 0.8425459548
4398 0.8425452854
4403 0.8425429196
4469 0.8425427004
4512 0.8425425019
4543 0.8425421947
4547 0.8425417964
4587 0.8425417557
4592 0.8425415338
4637 0.8425412905
4641 0.8425411939
4643 0.8425409248
4676 0.8425408560
4710 0.8425404815
4750 0.8425401914
4756 0.8425401424
4783 0.8425401115
4790 0.8425400971
4796 0.8425399561
4868 0.8425397591
4903 0.8425397490
4946 0.8425394937
5122 0.8425394567
5123 0.8425394390
5164 0.8425394308
5236 0.8425394127
5246 0.8425393640
5307 0.8425393586
5352 0.8425393585
5378 0.8425393582
5408 0.8425393564
5429 0.8425393500
5434 0.8425393362
5468 0.8425393328
5495 0.8425393275
5502 0.8425393068
5548 0.8425393063
5560 0.8425393032
5570 0.8425392986
5574 0.8425392856
5586 0.8425392803
5587 0.8425392779
5615 0.8425392763
5682 0.8425392713
5731 0.8425392675
5756 0.8425392673
5779 0.8425392606
5831 0.8425392577
6012 0.8425392571
6042 0.8425392547
6065 0.8425392517
6074 0.8425392515
6084 0.8425392497
6138 0.8425392490
6353 0.8425392488
6430 0.8425392485
6523 0.8425392483
6661 0.8425392482
6727 0.8425392478
9035 0.7144556562
9110 0.6824402748
9144 0.6148593148
9157 0.5800040983
9164 0.5235072889
9184 0.5122474815
9220 0.4928831099
9237 0.4758127546
9369 0.4554132234
9404 0.4481772018
9448 0.4378296087
9449 0.4325463263
9517 0.4308465998
9557 0.4285474774
9586 0.4234415362
9607 0.4196276796
9621 0.4164268379
9653 0.4092977066
9667 0.4061181528
9683 0.4022662078
9685 0.4003552609
9709 0.3943048664
9732 0.3888963195
9784 0.3872316828
9883 0.3841995403
9909 0.3832294850
9973 0.3825498890
9997 0.3816224823
10097 0.3811274102
10144 0.3803798635
10161 0.3799469005
10197 0.3797744754
10229 0.3796495325
10233 0.3793127196
10249 0.3787084001
10262 0.3781928012
10285 0.3781060471
10310 0.3777410294
10317 0.3777152574
10333 0.3770746015
10365 0.3770049798
10422 0.3768593521
10441 0.3767640077
10559 0.3765517548
10613 0.3764218331
10749 0.3763797188
10755 0.3762606145
10766 0.3762432306
10786 0.3761844638
10823 0.3761686207
10896 0.3761499124
10909 0.3761193796
10936 0.3761106492
10960 0.3761038595
10968 0.3760372974
11048 0.3760366788
11054 0.3760284488
11066 0.3760187291
11078 0.3760065698
11083 0.3760036939
11170 0.3759956109
11189 0.3759823508
11284 0.3759432917
11443 0.3759430326
11492 0.3759421069
11528 0.3759368316
11533 0.3759334019
11543 0.3759266855
11606 0.3759247687
11623 0.3759241325
11665 0.3759235691
11668 0.3759223800
11714 0.3759210482
11755 0.3759180406
11868 0.3759167160
11946 0.3759164268
11969 0.3759162130
12075 0.3759161518
12160 0.3759158229
12225 0.3759155027
12265 0.3759154481
12307 0.3759152830
12355 0.3759151586
12428 0.3759151316
12460 0.3759150871
12613 0.3759150430
12649 0.3759150323
12656 0.3759150127
12691 0.3759149711
12717 0.3759149460
12749 0.3759149457
12790 0.3759149337
12809 0.3759149007
12941 0.3759148893
12994 0.3759148887
13042 0.3759148825
13058 0.3759148794
13059 0.3759148782
13124 0.3759148751
13217 0.3759148705
13249 0.3759148704
13269 0.3759148684
13339 0.3759148670
13362 0.3759148643
13393 0.3759148626
13416 0.3759148617
13518 0.3759148615
13524 0.3759148610
13661 0.3759148607
13707 0.3759148605
13735 0.3759148604
13748 0.3759148598
13896 0.3759148595
14086 0.3759148594
17070 0.3698488438
17085 0.3625841505
17126 0.3618899093
17150 0.3588529512
17155 0.3513622040
17167 0.3500598000
17296 0.3495087136
17298 0.3482131953
17319 0.3471711026
17369 0.3448035527
17380 0.3443699616
17428 0.3424100839
17474 0.3417548615
17507 0.3415891106
17566 0.3410611165
17689 0.3403310175
17826 0.3400686059
17835 0.3397851777
18043 0.3397368739
18051 0.3397195465
18067 0.3396946640
18099 0.3396861687
18105 0.3396337287
18149 0.3396307256
18233 0.3396020957
18280 0.3395984908
18284 0.3395021736
18288 0.3394692941
18395 0.3394625275
18416 0.3394592633
18424 0.3394558192
18466 0.3394325893
18594 0.3394248329
18608 0.3394151334
18648 0.3394058943
18664 0.3394053776
18695 0.3394029615
18707 0.3393979492
18788 0.3393954702
18860 0.3393950037
18951 0.3393893998
19000 0.3393890935
19011 0.3393888590
19052 0.3393872202
19124 0.3393870105
19174 0.3393865184
19268 0.3393857753
19343 0.3393851896
19507 0.3393850743
19510 0.3393844406
19800 0.3393843395
19992 0.3393842868
20355 0.3393842857
20403 0.3393842833
20405 0.3393842825
20416 0.3393842767
20683 0.3393842765
20691 0.3393842742
20708 0.3393842737
20724 0.3393842731
20736 0.3393842724
20738 0.3393842719
20746 0.3393842709
20894 0.3393842699
20985 0.3393842693
21114 0.3393842692
21468 0.3393842689
23856 0.3239873406
23898 0.3105405929
23913 0.2963797382
23951 0.2782013963
23957 0.2571120217
23983 0.2539864312
23999 0.2495814947
24094 0.2427907064
24108 0.2364395165
24127 0.2331804542
24142 0.2326601943
24168 0.2270540603
24172 0.2223771050
24184 0.1923042251
24376 0.1913454122
24392 0.1822269945
24609 0.1798183573
24649 0.1795672085
24665 0.1793396869
24680 0.1754012355
24869 0.1751356972
24932 0.1747294186
24982 0.1746180335
24983 0.1739161578
24991 0.1734196836
25146 0.1732905533
25215 0.1732710815
25235 0.1730743969
25367 0.1729760203
25509 0.1729199094
25639 0.1728937994
25667 0.1728578376
25817 0.1728513951
25852 0.1728412688
25876 0.1728291372
25890 0.1728232942
25909 0.1728223974
25949 0.1728217288
25967 0.1728213000
25994 0.1728185397
26021 0.1728161076
26036 0.1728108610
26089 0.1728060392
26199 0.1728016066
26226 0.1728013510
26233 0.1728005771
26247 0.1727978178
26301 0.1727976924
26321 0.1727976732
26349 0.1727962081
26361 0.1727953321
26407 0.1727946659
26489 0.1727939348
26587 0.1727935317
26616 0.1727932264
26622 0.1727930978
26647 0.1727917938
26759 0.1727916845
26813 0.1727914486
26817 0.1727913019
26850 0.1727912054
26862 0.1727911797
26864 0.1727910965
26917 0.1727909525
26936 0.1727907264
27021 0.1727906856
27070 0.1727906783
27077 0.1727906697
27094 0.1727905278
27375 0.1727905101
27435 0.1727905003
27481 0.1727904843
27599 0.1727904806
27622 0.1727904792
27648 0.1727904787
27654 0.1727904734
27711 0.1727904729
27715 0.1727904708
27727 0.1727904646
27801 0.1727904608
27804 0.1727904587
27825 0.1727904567
27886 0.1727904563
27974 0.1727904545
28016 0.1727904535
28079 0.1727904523
28136 0.1727904513
28197 0.1727904504
28551 0.1727904503
28576 0.1727904501
50000 0.2414696568
