evaluations raw_y
1 25.6496170942
2 11.4074045453
3 10.5974865129
7 5.8460921433
23 5.1202516405
63 5.1169848282
84 4.1813494865
93 3.9680228353
210 3.3103707274
366 2.7974222357
441 2.2407271638
1731 1.9835983129
1956 1.7066925181
2043 1.4567490219
2099 1.1873883751
2219 0.7826589793
2620 0.6862914505
2635 0.6730143916
2644 0.5008266260
2672 0.4214287196
2735 0.3922595808
2758 0.3912785219
2759 0.3901531586
2858 0.3654551635
2866 0.3646289990
2877 0.3591468566
2904 0.2941032795
2962 0.2809793062
3002 0.2725317920
3039 0.2660209268
3085 0.2430331536
3116 0.2349514447
3172 0.2290135340
3173 0.2221936678
3281 0.2050776859
3297 0.1896168141
3364 0.1841199285
3406 0.1824043016
3571 0.1809224252
3575 0.1792686949
3586 0.1776003137
3629 0.1761148270
3642 0.1719779740
3669 0.1704157619
3832 0.1695126229
3843 0.1692634624
3861 0.1692334365
3884 0.1691896966
3912 0.1689939017
3924 0.1680959324
3930 0.1666535812
3937 0.1659935626
3947 0.1638691926
4057 0.1634949460
4097 0.1610578441
4120 0.1606046475
4173 0.1605420583
4192 0.1591725990
4251 0.1580602076
4322 0.1579794725
4335 0.1577270746
4349 0.1571558818
4401 0.1570302469
4408 0.1565435455
4426 0.1564330695
4457 0.1556971129
4588 0.1555197849
4614 0.1552142702
4624 0.1551203542
4635 0.1551172213
4642 0.1548080209
4664 0.1547791531
4680 0.1545811006
4693 0.1544406797
4896 0.1541719143
4919 0.1541644214
4944 0.1539371146
5122 0.1538464632
5145 0.1538203723
5210 0.1537041595
5212 0.1536869529
5215 0.1536364303
5237 0.1536342643
5314 0.1536120409
5322 0.1535530565
5332 0.1534712110
5371 0.1534358857
5416 0.1534121996
5435 0.1533906461
5452 0.1533827605
5493 0.1533793704
5517 0.1533728453
5528 0.1533521794
5580 0.1533421221
5582 0.1532340829
5793 0.1532002350
5813 0.1531962334
5840 0.1531954295
6008 0.1531934040
6015 0.1531879075
6061 0.1531784458
6100 0.1531683575
6124 0.1531654167
6154 0.1531652996
6155 0.1531627362
6172 0.1531613529
6230 0.1531593189
6231 0.1531522910
6236 0.1531500108
6259 0.1531426388
6297 0.1531407668
6456 0.1531384153
6466 0.1531363921
6470 0.1531292347
6579 0.1531274743
6650 0.1531264567
6787 0.1531258092
6800 0.1531239357
6848 0.1531238608
6857 0.1531220700
6938 0.1531220451
6943 0.1531219426
6956 0.1531207420
7016 0.1531179883
7137 0.1531175355
7179 0.1531172060
7226 0.1531167403
7249 0.1531162639
7265 0.1531158136
7443 0.1531158001
7475 0.1531155613
7554 0.1531154731
7641 0.1531153758
7668 0.1531153213
7779 0.1531152777
7789 0.1531152524
7807 0.1531152070
7816 0.1531151641
7817 0.1531150541
7980 0.1531150514
7984 0.1531150036
7997 0.1531149517
8042 0.1531149492
8051 0.1531149023
8122 0.1531148075
8174 0.1531148000
8214 0.1531147198
8229 0.1531147192
8286 0.1531147090
8291 0.1531146877
8292 0.1531146630
8411 0.1531146244
8476 0.1531146094
8572 0.1531145968
8594 0.1531145920
8656 0.1531145802
8731 0.1531145757
8776 0.1531145728
8795 0.1531145661
8850 0.1531145642
9049 0.1531145638
9065 0.1531145607
9111 0.1531145602
9112 0.1531145543
9149 0.1531145494
9154 0.1531145484
9216 0.1531145472
9260 0.1531145469
9280 0.1531145464
9362 0.1531145462
9404 0.1531145443
9504 0.1531145441
9551 0.1531145436
9654 0.1531145430
9783 0.1531145428
9796 0.1531145426
9999 0.1531145423
10075 0.1531145421
10130 0.1531145419
10165 0.1531145418
10206 0.1531145416
10255 0.1531145414
10719 0.1531145412
10789 0.1531145411
11304 0.1531145410
11403 0.1531145408
11568 0.1531145407
11724 0.1531145406
11818 0.1531145404
12035 0.1531145403
12863 0.1531145401
13420 0.1531145400
14127 0.1531145399
14717 0.1531145397
14895 0.1531145395
16542 0.1531145394
17567 0.1531145393
18135 0.1531145391
18167 0.1531145390
18766 0.1531145388
18808 0.1531145387
19323 0.1531145386
19519 0.1531145385
19663 0.1531145383
20740 0.1531145382
21177 0.1531145380
21737 0.1531145379
21785 0.1531145377
22184 0.1531145376
23016 0.1531145375
23117 0.1531145373
23729 0.1531145371
24454 0.1531145370
24896 0.1531145368
25206 0.1531145366
25480 0.1531145365
25608 0.1531145364
26146 0.1531145363
27142 0.1531145361
27681 0.1531145360
28075 0.1531145358
28195 0.1531145356
28350 0.1531145354
28492 0.1531145353
29463 0.1531145351
29565 0.1531145350
30064 0.1531145349
30167 0.1531145348
30498 0.1531145346
31622 0.1531145345
32133 0.1531145344
32238 0.1531145342
33317 0.1531145340
33376 0.1531145339
33802 0.1531145337
34017 0.1531145336
34650 0.1531145334
35155 0.1531145333
35834 0.1531145332
36591 0.1531145331
37036 0.1531145329
37135 0.1531145328
37478 0.1531145326
37587 0.1531145325
37683 0.1531145324
37856 0.1531145322
38500 0.1531145321
40087 0.1531145319
40922 0.1531145317
41467 0.1531145316
41603 0.1531145315
41774 0.1531145314
41969 0.1531145312
42060 0.1531145310
42499 0.1531145308
42600 0.1531145307
42712 0.1531145304
43011 0.1531145302
43204 0.1531145301
43250 0.1531145298
44108 0.1531145297
44359 0.1531145295
44586 0.1531145293
44660 0.1531145292
44891 0.1531145291
45120 0.1531145289
45233 0.1531145288
45356 0.1531145287
45464 0.1531145285
45602 0.1531145284
46393 0.1531145283
46461 0.1531145282
46488 0.1531145280
46778 0.1531145278
46920 0.1531145276
46940 0.1531145275
47112 0.1531145274
47149 0.1531145272
47222 0.1531145271
49879 0.1531145269
50000 0.1531145272
evaluations raw_y
1 16.4585609350
2 9.2529985486
6 9.0463947057
7 7.2522413298
11 6.7327163003
16 5.3512013473
67 3.4040082198
233 3.0323400295
533 2.8868897348
740 2.5269407174
2385 2.3404931219
2445 1.9271106352
2457 1.6301574619
2508 1.4627616558
2611 1.1285871172
2673 1.0383008418
2710 1.0087284746
2721 0.8899420214
3124 0.8848096611
3135 0.8375358207
3164 0.8354606796
3176 0.7758374844
3326 0.7470593419
3380 0.7034941826
3414 0.6838840336
3448 0.6515919850
3606 0.6489846137
3822 0.6462222156
3846 0.6176685700
3878 0.6045873239
3887 0.5987584919
3902 0.5926805980
3911 0.5913312664
3918 0.5910261211
3968 0.5865667610
3975 0.5860929215
3976 0.5844056953
3993 0.5819308569
4054 0.5789541087
4110 0.5740026892
4219 0.5717747826
4245 0.5716682214
4255 0.5708365015
4263 0.5707468670
4301 0.5696780669
4309 0.5667179705
4430 0.5645941334
4469 0.5643983197
4505 0.5628504568
4573 0.5625660405
4618 0.5621845295
4633 0.5621827677
4662 0.5611815682
4674 0.5609202555
4697 0.5589997797
4796 0.5582828030
4816 0.5582021996
4841 0.5573717621
4858 0.5569564601
4878 0.5568987460
4881 0.5567271902
4889 0.5558878682
4895 0.5552253440
5333 0.5551053518
5359 0.5550696250
5368 0.5548660259
5394 0.5547699559
5407 0.5543892271
5441 0.5543747613
5458 0.5543334578
5489 0.5542017254
5491 0.5540093909
5517 0.5539733759
5562 0.5539153915
5578 0.5538815340
5612 0.5538427905
5613 0.5536285155
5626 0.5535859080
5628 0.5534624503
5640 0.5534177194
5666 0.5532864952
5785 0.5532474045
5818 0.5531322262
5963 0.5531176191
5981 0.5530545562
5984 0.5530152078
6061 0.5529827707
6185 0.5529673886
6198 0.5529417246
6270 0.5529364111
6275 0.5529027663
6379 0.5528750602
6500 0.5528645707
6502 0.5528643640
6518 0.5528631778
6525 0.5528596470
6557 0.5528423133
6714 0.5528400073
6722 0.5528384571
6751 0.5528243393
6886 0.5528215924
6935 0.5528205724
6947 0.5528183003
7062 0.5528173367
7078 0.5528168277
7133 0.5528148876
7157 0.5528148801
7194 0.5528141744
7225 0.5528139056
7235 0.5528130028
7242 0.5528127764
7246 0.5528127251
7248 0.5528122691
7250 0.5528121245
7254 0.5528119842
7273 0.5528070274
7283 0.5528041752
7419 0.5528034691
7438 0.5528023771
7538 0.5528022765
7590 0.5528007093
7744 0.5528006790
7777 0.5527999766
7795 0.5527997605
7993 0.5527993091
8011 0.5527992308
8021 0.5527991901
8033 0.5527988910
8051 0.5527988411
8068 0.5527985324
8086 0.5527985006
8181 0.5527981624
8203 0.5527981399
8418 0.5527979995
8630 0.5527979145
8677 0.5527978883
8686 0.5527978722
8981 0.5527978405
8987 0.5527978328
9088 0.5527978289
9089 0.5527978238
9137 0.5527978237
9184 0.5527978156
9302 0.5527978049
9314 0.5527978006
9325 0.5527977815
9436 0.5527977812
9463 0.5527977783
9468 0.5527977719
9477 0.5527977715
9483 0.5527977646
9561 0.5527977597
9564 0.5527977558
9599 0.5527977481
9738 0.5527977472
9742 0.5527977464
9757 0.5527977422
9780 0.5527977414
9789 0.5527977410
9878 0.5527977404
9938 0.5527977393
10108 0.5527977383
10129 0.5527977379
10234 0.5527977378
10345 0.5527977374
10363 0.5527977370
10382 0.5527977353
10407 0.5527977341
10411 0.5527977339
10447 0.5527977332
10464 0.5527977326
10716 0.5527977322
10727 0.5527977319
10787 0.5527977317
10808 0.5527977316
10816 0.5527977315
10853 0.5527977313
11066 0.5527977310
11215 0.5527977309
13499 0.5527977306
14006 0.5527977304
15027 0.5527977302
15707 0.5527977301
16138 0.5527977299
16323 0.5527977298
17034 0.5527977295
17345 0.5527977293
23691 0.5527977291
24157 0.5527977288
24426 0.5527977287
24575 0.5527977284
25906 0.5527977282
26095 0.5527977280
26240 0.5527977279
26659 0.5527977276
26671 0.5527977275
27253 0.5527977274
27319 0.5527977273
27536 0.5527977269
27710 0.5527977267
29792 0.5527977264
30473 0.5527977261
30696 0.5527977259
30957 0.5527977258
31352 0.5527977255
32287 0.5527977254
32395 0.5527977250
32454 0.5527977246
34439 0.5527977243
34570 0.5527977241
34703 0.5527977239
35284 0.5527977237
35957 0.5527977236
35992 0.5527977232
36582 0.5527977230
37802 0.5527977227
38175 0.5527977224
40290 0.5527977221
40305 0.5527977220
40463 0.5527977215
41530 0.5527977214
41777 0.5527977213
41810 0.5527977211
42442 0.5527977209
42679 0.5527977208
43779 0.5527977207
44367 0.5527977203
44728 0.5527977201
45351 0.5527977199
45374 0.5527977196
46257 0.5527977194
46311 0.5527977193
46378 0.5527977192
46650 0.5527977189
46839 0.5527977188
47314 0.5527977187
47414 0.5527977186
47443 0.5527977183
47572 0.5527977181
47789 0.5527977180
47803 0.5527977179
48524 0.5527977178
48857 0.5527977177
48982 0.5527977175
49459 0.5527977174
50000 0.5527977191
evaluations raw_y
1 29.3977767284
2 13.1089804325
8 2.8669043261
308 2.4475985734
1882 2.1870910557
1961 1.9565164599
2052 1.5044292847
3421 1.4310381216
3449 1.4265759418
3463 1.4239969532
3575 1.3993682090
3585 1.3817354306
3762 1.3690775263
3782 1.3605604185
3830 1.3577328817
4078 1.3549593828
4089 1.3524955659
4134 1.3463624707
4219 1.3459828489
4291 1.3453343873
4326 1.3417122110
4398 1.3340863024
4594 1.3339442393
4617 1.3329876764
4654 1.3327193243
4914 1.3320905830
4921 1.3316453749
4994 1.3304223808
5174 1.3302639936
5195 1.3299785609
5255 1.3298936910
5622 1.3298564462
5631 1.3297467974
5685 1.3295077380
5916 1.3294022431
5949 1.3293044983
5958 1.3292627813
6126 1.3292383930
6151 1.3292187783
6349 1.3292183094
6350 1.3292164325
6380 1.3291903160
6416 1.3291856780
6426 1.3291833234
6434 1.3291798828
6453 1.3291758998
6466 1.3291228857
6483 1.3291178517
6504 1.3290770268
6534 1.3290768783
6543 1.3290687700
6582 1.3290488267
6667 1.3290267849
6699 1.3290199410
6709 1.3290118938
6843 1.3290076755
7123 1.3290046768
7355 1.3290026336
7356 1.3290020610
7364 1.3290002396
7588 1.3289997524
7618 1.3289985079
7707 1.3289982621
7722 1.3289981641
7744 1.3289969248
7763 1.3289958845
7807 1.3289946701
8220 1.3289945652
8281 1.3289944319
8383 1.3289944030
8424 1.3289943666
8533 1.3289943250
8536 1.3289941738
8720 1.3289941205
9009 1.3289941122
9023 1.3289941062
9033 1.3289940649
9047 1.3289940620
9074 1.3289940457
9423 1.3289940361
9433 1.3289940249
9513 1.3289940108
9602 1.3289940058
9629 1.3289940046
9641 1.3289940044
9678 1.3289940026
9736 1.3289939953
9833 1.3289939935
9910 1.3289939914
9912 1.3289939899
9922 1.3289939887
9955 1.3289939873
9990 1.3289939855
10014 1.3289939842
10202 1.3289939837
10213 1.3289939827
10343 1.3289939821
10355 1.3289939818
10359 1.3289939811
10439 1.3289939808
10460 1.3289939806
10465 1.3289939803
10565 1.3289939798
10583 1.3289939796
10596 1.3289939794
10617 1.3289939790
10900 1.3289939786
10986 1.3289939785
11049 1.3289939780
11131 1.3289939776
11152 1.3289939773
11163 1.3289939768
11826 1.3289939763
11843 1.3289939757
12017 1.3289939756
12047 1.3289939754
12205 1.3289939741
12240 1.3289939738
12285 1.3289939737
12346 1.3289939731
12352 1.3289939730
12356 1.3289939727
12451 1.3289939725
12455 1.3289939723
12466 1.3289939718
12569 1.3289939717
12632 1.3289939716
12642 1.3289939714
12749 1.3289939713
12752 1.3289939708
12764 1.3289939706
12798 1.3289939703
12852 1.3289939698
12922 1.3289939695
12993 1.3289939693
12998 1.3289939691
13009 1.3289939689
13541 1.3289939688
13552 1.3289939686
13563 1.3289939684
13578 1.3289939682
13630 1.3289939679
13737 1.3289939676
13854 1.3289939673
13908 1.3289939670
13964 1.3289939663
14035 1.3289939661
14039 1.3289939657
14077 1.3289939652
14088 1.3289939651
14233 1.3289939649
14276 1.3289939644
14304 1.3289939642
14323 1.3289939637
14379 1.3289939635
14422 1.3289939634
14555 1.3289939632
14612 1.3289939630
14623 1.3289939629
14625 1.3289939626
14700 1.3289939625
14702 1.3289939612
15052 1.3289939609
15058 1.3289939606
15152 1.3289939602
15870 1.3289939598
15895 1.3289939593
15904 1.3289939590
15932 1.3289939583
16214 1.3289939581
16288 1.3289939577
16332 1.3289939568
16378 1.3289939567
16382 1.3289939558
16468 1.3289939556
16564 1.3289939554
16568 1.3289939552
16578 1.3289939549
16579 1.3289939548
16641 1.3289939538
16804 1.3289939529
16843 1.3289939526
16855 1.3289939519
17018 1.3289939514
17069 1.3289939508
17162 1.3289939502
17178 1.3289939496
17274 1.3289939495
17295 1.3289939493
17320 1.3289939488
17493 1.3289939485
17552 1.3289939484
17574 1.3289939482
17589 1.3289939475
17596 1.3289939473
17627 1.3289939471
17745 1.3289939469
17749 1.3289939468
17813 1.3289939464
17821 1.3289939460
17833 1.3289939458
17994 1.3289939455
18051 1.3289939453
18109 1.3289939450
18126 1.3289939448
18136 1.3289939444
18198 1.3289939442
18323 1.3289939441
18365 1.3289939439
18376 1.3289939435
18384 1.3289939432
18403 1.3289939428
18702 1.3289939424
18704 1.3289939420
18726 1.3289939416
18802 1.3289939415
19050 1.3289939413
19094 1.3289939411
19098 1.3289939406
21283 1.3289939405
21366 1.3289939403
22170 1.3289939402
22232 1.3289939398
22532 1.3289939397
22963 1.3289939395
23195 1.3289939392
23515 1.3289939389
25026 1.3289939388
25128 1.3289939386
25138 1.3289939383
25502 1.3289939382
25898 1.3289939380
26306 1.3289939379
26475 1.3289939376
26698 1.3289939375
27040 1.3289939373
29602 1.3289939371
29707 1.3289939369
29883 1.3289939365
30484 1.3289939363
30520 1.3289939360
30814 1.3289939359
31072 1.3289939357
31814 1.3289939352
32115 1.3289939348
32195 1.3289939346
32258 1.3289939344
32677 1.3289939342
32726 1.3289939340
32864 1.3289939338
32870 1.3289939337
33121 1.3289939335
34201 1.3289939333
34241 1.3289939330
34877 1.3289939329
34933 1.3289939320
35845 1.3289939319
37127 1.3289939315
37131 1.3289939312
37140 1.3289939309
37361 1.3289939308
37397 1.3289939304
37682 1.3289939303
37806 1.3289939302
37826 1.3289939300
38096 1.3289939298
40542 1.3289939296
42673 1.3289939293
42694 1.3289939289
43306 1.3289939287
44027 1.3289939284
45686 1.3289939283
45698 1.3289939281
45741 1.3289939275
46493 1.3289939273
46687 1.3289939270
46725 1.3289939265
46737 1.3289939262
46828 1.3289939259
46876 1.3289939254
47302 1.3289939252
47314 1.3289939251
47678 1.3289939249
47851 1.3289939245
47858 1.3289939243
48119 1.3289939238
48510 1.3289939237
48561 1.3289939235
48644 1.3289939230
48775 1.3289939229
49013 1.3289939220
49597 1.3289939218
49880 1.3289939214
50000 1.3289939249
evaluations raw_y
1 14.6591352355
2 2.7814198888
752 2.0591861134
1811 2.0295161755
1928 1.9118917175
1942 1.7557550547
1948 1.3817992511
2076 1.2646302444
2095 0.9160796696
2288 0.8877833205
2305 0.8166604182
2324 0.6316557515
2332 0.5917327773
2342 0.4999792528
2492 0.4642129704
2518 0.4548564523
2690 0.4400915792
2699 0.4071947679
2797 0.4025508523
2814 0.3942604772
2918 0.3837368644
3022 0.3756691433
3103 0.3476076996
3121 0.3224981333
3149 0.2757889317
3254 0.2733243330
3267 0.2572803611
3287 0.2555801003
3292 0.2542217009
3314 0.2500071299
3333 0.2499663281
3344 0.2349430329
3360 0.2190272317
3419 0.2108642430
3474 0.2104992254
3564 0.2087161818
3566 0.2043814462
3647 0.2028924189
3660 0.1981577629
3815 0.1980923716
3828 0.1928902271
3832 0.1927365927
3853 0.1908428847
3859 0.1855674939
3921 0.1844123744
4123 0.1826795921
4233 0.1825586022
4236 0.1798650200
4239 0.1774805952
4244 0.1774042745
4250 0.1769468218
4280 0.1763290207
4305 0.1761060537
4314 0.1760305543
4348 0.1760126394
4350 0.1759109413
4505 0.1755981935
4625 0.1747431721
4727 0.1746019219
4730 0.1744823379
4739 0.1743406528
4789 0.1743369028
4824 0.1742694427
4869 0.1741392740
4951 0.1739098015
5023 0.1738946988
5027 0.1735713741
5068 0.1734708757
5125 0.1734159104
5142 0.1732849994
5163 0.1731303011
5250 0.1730890523
5283 0.1730647121
5375 0.1729935227
5522 0.1729804005
5528 0.1729469351
5559 0.1729313920
5656 0.1728872008
5719 0.1728680669
5976 0.1728643970
6000 0.1728633265
6004 0.1728632846
6075 0.1728620690
6079 0.1728560213
6090 0.1728382947
6130 0.1728373351
6168 0.1728239006
6349 0.1728204581
6452 0.1728203528
6489 0.1728165687
6522 0.1728162335
6545 0.1728141735
6565 0.1728141590
6575 0.1728093360
6959 0.1728082436
6987 0.1728065853
7003 0.1728065105
7004 0.1728057914
7075 0.1728050292
7162 0.1728047894
7179 0.1728043137
7263 0.1728037575
7293 0.1728036294
7312 0.1728034982
7316 0.1728034807
7351 0.1728034044
7352 0.1728032783
7401 0.1728032457
7426 0.1728032184
7465 0.1728028372
7476 0.1728028362
7477 0.1728027112
7496 0.1728024514
7571 0.1728023538
7588 0.1728020821
8314 0.1728020740
8363 0.1728020705
8403 0.1728020596
8414 0.1728020241
8432 0.1728020156
8439 0.1728019835
8541 0.1728019744
8635 0.1728019708
8666 0.1728019703
8761 0.1728019670
8762 0.1728019648
8771 0.1728019619
8772 0.1728019553
8813 0.1728019549
8833 0.1728019522
8864 0.1728019498
8871 0.1728019467
8874 0.1728019450
8967 0.1728019396
8990 0.1728019368
9041 0.1728019349
9175 0.1728019326
9241 0.1728019307
9293 0.1728019305
9377 0.1728019301
9382 0.1728019293
9544 0.1728019292
9592 0.1728019285
9598 0.1728019281
9607 0.1728019273
9669 0.1728019267
9691 0.1728019262
9771 0.1728019261
10032 0.1728019260
10036 0.1728019254
10212 0.1728019253
10232 0.1728019251
10993 0.1728019249
12203 0.1728019247
15875 0.1728019244
18387 0.1728019243
18422 0.1728019242
20676 0.1728019241
32613 0.1728019240
33316 0.1728019237
39605 0.1728019236
41238 0.1728019235
43998 0.1728019233
45428 0.1728019232
46151 0.1728019230
46545 0.1728019229
46758 0.1728019226
48107 0.1728019225
48351 0.1728019224
48666 0.1728019223
49074 0.1728019220
49560 0.1728019218
49583 0.1728019217
50000 0.1728019226
evaluations raw_y
1 19.2797994532
2 15.8255344762
3 9.8216414428
17 8.7767752012
22 7.8957601105
26 6.6542790161
84 5.3485317187
107 5.1237934701
180 4.8904188509
403 4.0543865870
425 2.7560334774
2027 2.3413044293
2089 2.2634361427
2122 1.9513776112
2186 1.8786774318
2204 1.8456434770
2236 1.5233321581
2245 1.4506295098
2340 1.3014970376
2353 1.2434921617
2385 1.0760526129
2394 0.9162805374
2631 0.8910865511
2665 0.8268287071
2681 0.6423571983
2739 0.6196457926
2857 0.5984414770
2864 0.5869081355
2932 0.5838366184
2938 0.5630955277
2946 0.5410210847
2956 0.5250152777
2964 0.4979545603
2993 0.4640699152
3222 0.4532341295
3244 0.4392718291
3253 0.4270556453
3327 0.4268107665
3329 0.4139327604
3338 0.4138800242
3511 0.4077560889
3624 0.4023545444
3733 0.4002347938
3744 0.3977177584
3841 0.3931562759
4116 0.3921668740
4131 0.3918917250
4172 0.3899857690
4244 0.3896438662
4267 0.3896292474
4282 0.3879294750
4289 0.3869265046
4426 0.3865428854
4447 0.3854338705
4461 0.3844876758
4466 0.3843829438
4473 0.3835972493
4690 0.3835484029
4691 0.3825924029
4893 0.3822607706
4936 0.3821944717
4982 0.3817921017
5009 0.3817862894
5053 0.3814285382
5210 0.3812211982
5268 0.3811027507
5303 0.3810860522
5316 0.3810765744
5327 0.3810545404
5328 0.3810435194
5356 0.3809791703
5387 0.3809685314
5396 0.3808897883
5403 0.3808071952
5466 0.3807634387
5599 0.3807544902
5638 0.3807275987
5644 0.3807176257
5648 0.3806924581
5656 0.3806732372
5720 0.3806524146
5737 0.3806510673
5811 0.3806434770
5813 0.3806078721
5855 0.3806010143
5865 0.3806000318
5872 0.3805995715
5954 0.3805973589
5965 0.3805767104
6018 0.3805674602
6179 0.3805550060
6196 0.3805508500
6246 0.3805398461
6274 0.3805301927
6438 0.3805282168
6440 0.3805236970
6462 0.3805173170
6575 0.3805151292
6662 0.3805136129
6803 0.3805114220
7029 0.3805097477
7127 0.3805090769
7222 0.3805089389
7245 0.3805085796
7319 0.3805077785
7401 0.3805075841
7422 0.3805075353
7488 0.3805074170
7490 0.3805073984
7526 0.3805073133
7597 0.3805071408
7606 0.3805069126
7795 0.3805068867
7804 0.3805068740
7805 0.3805068693
7815 0.3805066368
7828 0.3805065810
7933 0.3805065756
7965 0.3805065730
8006 0.3805065193
8149 0.3805064702
8152 0.3805064544
8161 0.3805064252
8193 0.3805064056
8248 0.3805063985
8267 0.3805063142
8333 0.3805063039
8348 0.3805062850
8467 0.3805062691
8497 0.3805062685
8593 0.3805062577
8618 0.3805062548
8650 0.3805062429
8710 0.3805062260
8874 0.3805062160
9034 0.3805062157
9051 0.3805062153
9077 0.3805062135
9207 0.3805062125
9210 0.3805062096
9244 0.3805062092
9247 0.3805062068
9401 0.3805062062
9457 0.3805062047
9501 0.3805062043
9536 0.3805062039
9783 0.3805062032
9832 0.3805062024
9847 0.3805062021
9850 0.3805062017
9972 0.3805062012
10083 0.3805062009
10164 0.3805062006
10175 0.3805062004
10643 0.3805062002
10822 0.3805062000
10947 0.3805061999
11005 0.3805061997
11734 0.3805061996
12054 0.3805061993
12080 0.3805061992
12082 0.3805061989
12345 0.3805061987
12393 0.3805061986
12599 0.3805061985
12731 0.3805061984
12893 0.3805061981
13084 0.3805061979
13285 0.3805061977
13447 0.3805061976
13498 0.3805061974
14266 0.3805061973
15538 0.3805061971
15732 0.3805061969
15937 0.3805061967
15946 0.3805061966
15970 0.3805061965
16353 0.3805061963
16847 0.3805061962
17529 0.3805061960
17875 0.3805061958
18921 0.3805061957
20488 0.3805061956
20653 0.3805061953
20681 0.3805061952
21579 0.3805061950
21852 0.3805061948
22326 0.3805061947
22442 0.3805061945
22647 0.3805061942
22930 0.3805061940
23050 0.3805061939
23087 0.3805061938
24399 0.3805061936
27696 0.3805061933
28626 0.3805061932
28913 0.3805061930
28925 0.3805061926
29249 0.3805061924
29644 0.3805061922
29758 0.3805061921
30360 0.3805061920
30364 0.3805061919
30407 0.3805061917
30706 0.3805061915
31308 0.3805061913
31559 0.3805061912
31566 0.3805061911
32591 0.3805061909
32717 0.3805061908
32858 0.3805061906
33077 0.3805061903
34655 0.3805061902
35089 0.3805061901
35683 0.3805061900
35813 0.3805061897
35905 0.3805061896
36299 0.3805061893
36671 0.3805061890
37296 0.3805061887
37663 0.3805061885
37955 0.3805061881
38180 0.3805061878
38529 0.3805061877
38679 0.3805061876
38716 0.3805061872
39241 0.3805061871
40741 0.3805061869
40834 0.3805061867
41387 0.3805061865
41412 0.3805061864
41674 0.3805061862
41767 0.3805061861
41827 0.3805061860
42002 0.3805061858
42750 0.3805061857
43266 0.3805061855
43409 0.3805061853
44085 0.3805061852
44287 0.3805061851
44304 0.3805061850
49573 0.3805061849
50000 0.3805061874
evaluations raw_y
1 24.1211169929
2 17.0618197058
8 10.9153293545
10 7.9283233111
23 6.4624393820
46 4.0706404705
583 3.0449109336
1166 2.4108229387
1842 2.1262667165
1896 2.0350738771
1947 1.8203877830
1962 1.1933611733
2179 0.5834397221
2400 0.4231662525
2459 0.4225231312
2483 0.3617336288
2523 0.3416163059
3052 0.3414658083
3061 0.3397876753
3067 0.3156986357
3164 0.2937805662
3173 0.2917026469
3174 0.2854233658
3216 0.2848837163
3218 0.2706245466
3226 0.2559215979
3359 0.2387193270
3386 0.2368948790
3446 0.2291844630
3497 0.2264681938
3647 0.2235649948
3671 0.2234578740
3695 0.2155313175
3728 0.2122951931
3881 0.2116894648
3882 0.2105425188
3922 0.2076889398
3971 0.2057693731
4065 0.2048160473
4084 0.2040008157
4162 0.2031751330
4167 0.2030772960
4268 0.2021905883
4270 0.2010953280
4305 0.2007747682
4921 0.2003969179
4975 0.2002873029
5045 0.2002212356
5218 0.2002113931
5235 0.2000748477
5317 0.2000463336
5322 0.2000141672
5365 0.1999960934
5436 0.1999339375
5456 0.1998674012
5607 0.1998455759
5640 0.1998171670
5650 0.1998065902
5744 0.1997890664
5921 0.1997766643
5961 0.1997723392
5966 0.1997520355
6093 0.1997445994
6166 0.1997373675
6229 0.1997323160
6233 0.1997309361
6257 0.1997300933
6262 0.1997263705
6286 0.1997212440
6351 0.1997170939
6353 0.1997135609
6475 0.1997114960
6485 0.1997014320
6598 0.1997013036
6666 0.1997011907
6677 0.1997010111
6687 0.1996988584
6695 0.1996988276
6866 0.1996986957
6876 0.1996965812
6970 0.1996963051
7013 0.1996961093
7024 0.1996952739
7033 0.1996946193
7072 0.1996939472
7111 0.1996935346
7207 0.1996931402
7547 0.1996929759
7750 0.1996928851
7794 0.1996928003
7926 0.1996927875
7968 0.1996927639
8008 0.1996927528
8061 0.1996927496
8068 0.1996927148
8091 0.1996926511
8119 0.1996926462
8131 0.1996925861
8141 0.1996925653
8181 0.1996925050
8182 0.1996924983
8193 0.1996924724
8209 0.1996923826
8298 0.1996923788
8360 0.1996923557
8379 0.1996923471
8462 0.1996923020
8500 0.1996922977
8507 0.1996922787
8628 0.1996922627
8748 0.1996922557
8755 0.1996922387
8829 0.1996922361
8842 0.1996922320
8885 0.1996922270
8897 0.1996922266
8909 0.1996922255
8913 0.1996922184
8950 0.1996922137
8985 0.1996922100
8997 0.1996922084
9051 0.1996922064
9125 0.1996921961
9171 0.1996921955
9466 0.1996921939
9640 0.1996921936
9686 0.1996921920
9707 0.1996921915
9777 0.1996921911
9875 0.1996921900
9913 0.1996921896
9931 0.1996921894
9934 0.1996921886
10040 0.1996921882
10337 0.1996921879
10364 0.1996921877
10380 0.1996921876
10804 0.1996921874
10939 0.1996921873
11038 0.1996921871
11781 0.1996921870
11810 0.1996921868
12028 0.1996921867
12380 0.1996921865
12629 0.1996921863
13095 0.1996921862
13182 0.1996921860
13357 0.1996921859
13421 0.1996921858
13751 0.1996921857
13845 0.1996921855
13948 0.1996921854
13983 0.1996921853
14923 0.1996921852
15883 0.1996921851
15974 0.1996921849
16066 0.1996921847
16214 0.1996921845
16607 0.1996921844
16689 0.1996921841
16817 0.1996921840
17024 0.1996921838
17063 0.1996921837
17358 0.1996921835
17542 0.1996921833
19026 0.1996921832
19209 0.1996921831
19269 0.1996921828
19856 0.1996921826
20041 0.1996921825
20189 0.1996921823
20192 0.1996921822
20306 0.1996921821
20395 0.1996921820
21228 0.1996921818
21236 0.1996921816
21606 0.1996921815
21896 0.1996921814
21907 0.1996921813
22143 0.1996921811
22374 0.1996921809
22667 0.1996921807
22872 0.1996921805
23362 0.1996921803
24109 0.1996921802
24162 0.1996921801
24163 0.1996921800
25153 0.1996921799
25166 0.1996921797
25210 0.1996921795
25497 0.1996921793
25816 0.1996921790
26839 0.1996921789
26888 0.1996921788
27005 0.1996921785
28412 0.1996921783
28462 0.1996921782
28656 0.1996921780
28947 0.1996921779
29028 0.1996921778
29079 0.1996921775
29675 0.1996921773
30046 0.1996921771
30265 0.1996921769
30468 0.1996921768
32784 0.1996921766
32822 0.1996921764
33829 0.1996921763
33868 0.1996921762
34272 0.1996921760
34528 0.1996921757
35104 0.1996921756
35124 0.1996921754
35162 0.1996921752
35527 0.1996921751
35590 0.1996921748
36118 0.1996921747
36136 0.1996921746
36416 0.1996921744
36905 0.1996921741
36920 0.1996921739
37386 0.1996921738
37514 0.1996921736
37539 0.1996921735
38059 0.1996921734
38259 0.1996921732
38277 0.1996921731
38555 0.1996921728
38770 0.1996921726
39049 0.1996921724
39109 0.1996921723
39186 0.1996921722
39706 0.1996921720
39944 0.1996921719
40581 0.1996921718
40672 0.1996921717
41058 0.1996921715
41163 0.1996921714
41235 0.1996921712
41404 0.1996921710
42127 0.1996921709
42224 0.1996921707
42731 0.1996921705
42749 0.1996921703
43265 0.1996921701
43413 0.1996921700
43785 0.1996921698
44204 0.1996921697
44904 0.1996921695
44960 0.1996921694
45622 0.1996921693
46468 0.1996921692
46645 0.1996921688
47203 0.1996921687
47227 0.1996921685
47854 0.1996921683
47894 0.1996921681
48022 0.1996921679
48040 0.1996921678
49200 0.1996921677
50000 0.1996921689
evaluations raw_y
1 7.9796999765
18 6.4448629808
39 5.7482100693
40 5.7371996810
68 5.4733331778
122 4.4046237573
278 4.0202988587
290 3.0407256732
1607 1.9802508000
1868 1.9616313960
1891 1.9225044136
2099 1.8585384018
2108 1.7118337534
2179 1.6815490837
2226 1.3637067556
2251 1.2730736511
2268 1.0752558963
2282 1.0614515101
2296 0.7410190118
2371 0.6037902527
2373 0.5798969175
2499 0.4314659597
2740 0.4282854970
2833 0.3914325742
2996 0.3866742376
2998 0.3843424272
3012 0.3709123308
3059 0.3404535386
3116 0.3299424632
3151 0.3289214706
3202 0.3253618287
3234 0.3237591663
3278 0.3184124579
3280 0.3059713241
3282 0.3028989202
3293 0.3028094732
3295 0.2915774672
3308 0.2895876251
3335 0.2888732563
3342 0.2823396798
3510 0.2800354928
3524 0.2652096203
3646 0.2644995502
3676 0.2600802942
3728 0.2584076245
3761 0.2559760671
3780 0.2533884299
3807 0.2490689036
3821 0.2457285452
3956 0.2443862179
3982 0.2426749366
4039 0.2426116959
4048 0.2379881411
4304 0.2375306298
4321 0.2369980741
4366 0.2369070861
4369 0.2367013745
4370 0.2356953798
4446 0.2353927122
4541 0.2349752412
4588 0.2349333371
4667 0.2345959048
4683 0.2342377609
4756 0.2339801650
4829 0.2337437590
4926 0.2336945058
4932 0.2336722084
4949 0.2336322640
4959 0.2335020865
5054 0.2334090295
5058 0.2333881533
5076 0.2333646496
5085 0.2332387797
5205 0.2331195968
5269 0.2329621081
5373 0.2329618839
5387 0.2328909676
5469 0.2328348002
5536 0.2328273458
5543 0.2327877370
5605 0.2327775326
5626 0.2327625626
5672 0.2327523637
5684 0.2327272801
5772 0.2327167148
5773 0.2327087875
5844 0.2326978790
5896 0.2326840543
5993 0.2326716114
6000 0.2326442796
6156 0.2326213672
6413 0.2326193835
6422 0.2326157149
6442 0.2326098331
6510 0.2326046944
6680 0.2326026606
6687 0.2326013934
6751 0.2326001981
6753 0.2325980328
6754 0.2325942286
6768 0.2325912713
6812 0.2325912509
6836 0.2325911863
6843 0.2325894729
6850 0.2325883714
6860 0.2325841196
6948 0.2325834589
6952 0.2325827565
6982 0.2325817439
6986 0.2325805897
6996 0.2325800540
7005 0.2325797848
7040 0.2325788830
7128 0.2325782220
7133 0.2325774164
7135 0.2325773088
7274 0.2325771396
7286 0.2325759245
7299 0.2325755030
7357 0.2325751530
7373 0.2325751245
7395 0.2325749480
7404 0.2325743115
7466 0.2325739755
7500 0.2325729699
7644 0.2325728142
7701 0.2325724851
7724 0.2325721893
7782 0.2325721280
7847 0.2325719930
7876 0.2325718001
8125 0.2325716871
8136 0.2325715616
8221 0.2325715560
8223 0.2325715034
8225 0.2325714628
8374 0.2325714180
8434 0.2325714162
8463 0.2325714119
8468 0.2325713905
8480 0.2325713013
8513 0.2325712913
8564 0.2325712850
8704 0.2325712798
8732 0.2325712680
8735 0.2325712457
8751 0.2325712369
8763 0.2325712155
8770 0.2325712102
8788 0.2325712039
8792 0.2325711988
8798 0.2325711963
8854 0.2325711935
8862 0.2325711814
8874 0.2325711790
8889 0.2325711772
8891 0.2325711661
8939 0.2325711630
8954 0.2325711407
8969 0.2325711363
9021 0.2325711301
9066 0.2325711299
9077 0.2325711289
9086 0.2325711200
9091 0.2325711033
9095 0.2325710916
9125 0.2325710869
9137 0.2325710853
9150 0.2325710843
9166 0.2325710838
9181 0.2325710772
9182 0.2325710765
9257 0.2325710758
9258 0.2325710732
9261 0.2325710695
9270 0.2325710654
9280 0.2325710581
9296 0.2325710567
9365 0.2325710488
9419 0.2325710455
9448 0.2325710441
9565 0.2325710418
9598 0.2325710406
9660 0.2325710382
9666 0.2325710379
9756 0.2325710370
9777 0.2325710363
9788 0.2325710359
9794 0.2325710356
9801 0.2325710352
9806 0.2325710334
9813 0.2325710332
9815 0.2325710320
9827 0.2325710299
9955 0.2325710296
9984 0.2325710271
10006 0.2325710259
10158 0.2325710249
10171 0.2325710247
10188 0.2325710244
10201 0.2325710234
10423 0.2325710232
10435 0.2325710229
10464 0.2325710226
10468 0.2325710224
10484 0.2325710221
10711 0.2325710220
10712 0.2325710218
10737 0.2325710217
10776 0.2325710215
10902 0.2325710213
10995 0.2325710212
11009 0.2325710211
11077 0.2325710208
11125 0.2325710207
11137 0.2325710205
11311 0.2325710204
11333 0.2325710202
11758 0.2325710199
11965 0.2325710198
11990 0.2325710196
12097 0.2325710195
12162 0.2325710192
12352 0.2325710191
12749 0.2325710189
12921 0.2325710188
12999 0.2325710186
13248 0.2325710183
13392 0.2325710181
13552 0.2325710180
13663 0.2325710179
13775 0.2325710176
14043 0.2325710174
14707 0.2325710173
14749 0.2325710172
15218 0.2325710168
15302 0.2325710167
15452 0.2325710166
15538 0.2325710163
15584 0.2325710161
15697 0.2325710160
16246 0.2325710159
16457 0.2325710156
16695 0.2325710154
16930 0.2325710151
17052 0.2325710148
17510 0.2325710146
17599 0.2325710145
17607 0.2325710143
17968 0.2325710142
18233 0.2325710140
18295 0.2325710138
18478 0.2325710137
19015 0.2325710133
19117 0.2325710131
19283 0.2325710130
19303 0.2325710127
19315 0.2325710125
19373 0.2325710123
19453 0.2325710122
19600 0.2325710119
19739 0.2325710118
19910 0.2325710117
20145 0.2325710113
20763 0.2325710111
20785 0.2325710110
20803 0.2325710109
21843 0.2325710107
22298 0.2325710106
22405 0.2325710104
22544 0.2325710103
22781 0.2325710100
24328 0.2325710098
24379 0.2325710097
24401 0.2325710095
24626 0.2325710092
25694 0.2325710090
25718 0.2325710088
25742 0.2325710086
26431 0.2325710083
26848 0.2325710081
27138 0.2325710079
27213 0.2325710077
27244 0.2325710075
27357 0.2325710073
27510 0.2325710070
27517 0.2325710069
27833 0.2325710066
27912 0.2325710064
27923 0.2325710063
27949 0.2325710061
28321 0.2325710059
28584 0.2325710055
28773 0.2325710053
29041 0.2325710051
29053 0.2325710050
29067 0.2325710049
29073 0.2325710047
29120 0.2325710046
29374 0.2325710043
29673 0.2325710040
29688 0.2325710038
29762 0.2325710036
29899 0.2325710032
30076 0.2325710030
30237 0.2325710029
30270 0.2325710028
30466 0.2325710024
31266 0.2325710023
31509 0.2325710021
31728 0.2325710020
31779 0.2325710018
31840 0.2325710017
31842 0.2325710015
31921 0.2325710012
32003 0.2325710010
32041 0.2325710008
32070 0.2325710007
32192 0.2325710005
32305 0.2325710004
32496 0.2325710002
32633 0.2325710001
32986 0.2325709999
33476 0.2325709996
33798 0.2325709994
33832 0.2325709991
33876 0.2325709990
33976 0.2325709989
34344 0.2325709987
34561 0.2325709984
34662 0.2325709983
34794 0.2325709981
34964 0.2325709977
35126 0.2325709976
35140 0.2325709975
35479 0.2325709973
35662 0.2325709971
35898 0.2325709968
36105 0.2325709967
36170 0.2325709964
36199 0.2325709963
36306 0.2325709961
36322 0.2325709960
36856 0.2325709958
36989 0.2325709956
37186 0.2325709955
37492 0.2325709953
37658 0.2325709952
37786 0.2325709951
37820 0.2325709949
37912 0.2325709947
38077 0.2325709946
38245 0.2325709944
38460 0.2325709942
38490 0.2325709941
38523 0.2325709940
38773 0.2325709937
38956 0.2325709936
38979 0.2325709934
39171 0.2325709933
39244 0.2325709931
39358 0.2325709930
39376 0.2325709928
39535 0.2325709927
39836 0.2325709926
40357 0.2325709924
40434 0.2325709922
40496 0.2325709921
41336 0.2325709919
41400 0.2325709918
41574 0.2325709916
42155 0.2325709914
42234 0.2325709911
42374 0.2325709910
42398 0.2325709907
42479 0.2325709906
42619 0.2325709904
42898 0.2325709901
43302 0.2325709900
43358 0.2325709898
43504 0.2325709896
43723 0.2325709895
43792 0.2325709894
43912 0.2325709891
44024 0.2325709889
44036 0.2325709887
44535 0.2325709885
44577 0.2325709883
44604 0.2325709882
44626 0.2325709879
44754 0.2325709878
44781 0.2325709877
45099 0.2325709875
45101 0.2325709874
45202 0.2325709871
45609 0.2325709870
45643 0.2325709868
45725 0.2325709867
45731 0.2325709866
45913 0.2325709863
46044 0.2325709862
46175 0.2325709860
46261 0.2325709857
46430 0.2325709856
46437 0.2325709855
46580 0.2325709853
47159 0.2325709850
47912 0.2325709849
48010 0.2325709847
48221 0.2325709846
48226 0.2325709844
48616 0.2325709843
48646 0.2325709841
48694 0.2325709840
49293 0.2325709839
49383 0.2325709836
49531 0.2325709834
49558 0.2325709833
49899 0.2325709832
50000 0.2325709834
evaluations raw_y
1 16.9021124025
5 10.0606115659
14 7.4540171223
20 6.6068419809
26 5.6366379510
140 5.2062318196
203 4.3766830380
228 2.5857033335
981 2.4593320077
2213 1.5641258593
2583 1.5084345755
2615 1.4666122688
2675 1.3716422955
2690 1.2558619903
2727 1.1562178060
2754 0.9277891609
2845 0.9051575731
2861 0.7380719669
2871 0.7047030419
2888 0.7017649752
2891 0.6341960315
2992 0.6281413586
3011 0.5272930355
3109 0.5202798032
3253 0.5150127741
3304 0.4989696681
3359 0.4857111702
3370 0.4761322513
3381 0.4644364311
3383 0.4633392028
3396 0.4539978770
3400 0.4313756336
3628 0.4188647254
3727 0.4174203382
3829 0.4145500803
3835 0.4099557980
3850 0.4089056562
4015 0.3972646503
4531 0.3947990510
4552 0.3926166964
4572 0.3923527174
4692 0.3917468229
4762 0.3912132037
4764 0.3910110368
4774 0.3898199342
4891 0.3894088801
5054 0.3891754939
5067 0.3891268403
5071 0.3883398614
5111 0.3883151858
5113 0.3883036562
5114 0.3882712273
5117 0.3880042440
5134 0.3878821053
5170 0.3878707168
5176 0.3878259392
5205 0.3876583025
5210 0.3875998471
5233 0.3875638808
5254 0.3874268539
5260 0.3873528922
5279 0.3872823084
5282 0.3869964834
5294 0.3867326621
5296 0.3865261281
5427 0.3862096328
5432 0.3860515845
5507 0.3860393950
5508 0.3859065622
5513 0.3858632880
5605 0.3858347630
5613 0.3858047581
5644 0.3856220553
5755 0.3855818875
5778 0.3855613684
5793 0.3855197024
5805 0.3854762232
5817 0.3853841324
5843 0.3853688265
5883 0.3853584554
5898 0.3853381732
5907 0.3852645275
5952 0.3852221134
5992 0.3851740546
6006 0.3850623751
6049 0.3849532082
6194 0.3849476877
6197 0.3849432953
6221 0.3849311431
6222 0.3849045221
6333 0.3849034969
6342 0.3848903771
6426 0.3848795084
6480 0.3848784817
6485 0.3848623295
6501 0.3848590590
6522 0.3848531679
6534 0.3848424202
6593 0.3848422672
6600 0.3848312552
6819 0.3848230665
6917 0.3848216433
6986 0.3848178922
7001 0.3848168437
7041 0.3848139827
7115 0.3848121795
7116 0.3848121047
7125 0.3848114354
7201 0.3848110581
7244 0.3848106632
7256 0.3848104111
7262 0.3848085199
7273 0.3848084269
7275 0.3848056406
7306 0.3848033178
7308 0.3848003402
7380 0.3847992999
7382 0.3847987574
7403 0.3847978406
7416 0.3847959406
7465 0.3847953857
7485 0.3847952539
7506 0.3847948578
7519 0.3847940923
7564 0.3847939699
7574 0.3847933265
7611 0.3847931552
7612 0.3847922978
7636 0.3847920321
7672 0.3847914713
7704 0.3847906446
7866 0.3847904128
7881 0.3847898331
7898 0.3847894086
8124 0.3847890606
8254 0.3847890531
8285 0.3847889063
8311 0.3847886887
8428 0.3847886638
8433 0.3847886570
8458 0.3847884786
8647 0.3847884388
8696 0.3847884100
8715 0.3847883421
8724 0.3847883192
8958 0.3847883096
9321 0.3847882968
9365 0.3847882947
9369 0.3847882810
9380 0.3847882702
9426 0.3847882553
9444 0.3847882503
9445 0.3847882470
9479 0.3847882453
9483 0.3847882411
9486 0.3847882391
9488 0.3847882366
9523 0.3847882346
9525 0.3847882338
9535 0.3847882175
9629 0.3847882158
9630 0.3847882145
9726 0.3847882135
9752 0.3847882127
9760 0.3847882106
9834 0.3847882089
9864 0.3847882059
9923 0.3847882011
10003 0.3847881981
10277 0.3847881971
10342 0.3847881966
10375 0.3847881960
10392 0.3847881957
10509 0.3847881956
10742 0.3847881950
10756 0.3847881948
10762 0.3847881947
10763 0.3847881946
10775 0.3847881944
10789 0.3847881939
10847 0.3847881937
10859 0.3847881936
11041 0.3847881934
11049 0.3847881932
11419 0.3847881929
11492 0.3847881926
12012 0.3847881925
12095 0.3847881923
12234 0.3847881920
12511 0.3847881918
12551 0.3847881916
12744 0.3847881914
12941 0.3847881913
12950 0.3847881912
13047 0.3847881911
13112 0.3847881910
13143 0.3847881908
13152 0.3847881906
13362 0.3847881905
13694 0.3847881904
13801 0.3847881902
14064 0.3847881901
14257 0.3847881898
14274 0.3847881895
14292 0.3847881894
14610 0.3847881892
15418 0.3847881891
15681 0.3847881889
15765 0.3847881888
16237 0.3847881887
16255 0.3847881884
16479 0.3847881882
16626 0.3847881879
16831 0.3847881877
16839 0.3847881876
16978 0.3847881875
17443 0.3847881872
17518 0.3847881871
17779 0.3847881869
17937 0.3847881868
18200 0.3847881866
18408 0.3847881863
18841 0.3847881862
18842 0.3847881860
19059 0.3847881857
19252 0.3847881856
19356 0.3847881855
20196 0.3847881853
20513 0.3847881852
20517 0.3847881850
20945 0.3847881846
21012 0.3847881844
21080 0.3847881842
22274 0.3847881841
22501 0.3847881839
23261 0.3847881838
24202 0.3847881834
24498 0.3847881833
24556 0.3847881830
24593 0.3847881828
24773 0.3847881826
24835 0.3847881825
24908 0.3847881823
25041 0.3847881819
25771 0.3847881817
25906 0.3847881815
26105 0.3847881813
26158 0.3847881811
26185 0.3847881808
26188 0.3847881806
26412 0.3847881804
26428 0.3847881801
26622 0.3847881796
26843 0.3847881795
26844 0.3847881793
27006 0.3847881792
27034 0.3847881789
27147 0.3847881787
27328 0.3847881785
27343 0.3847881784
27383 0.3847881783
27431 0.3847881780
27601 0.3847881776
27602 0.3847881775
28590 0.3847881772
29284 0.3847881770
29586 0.3847881769
29587 0.3847881767
29932 0.3847881765
30347 0.3847881764
30389 0.3847881762
30745 0.3847881760
31083 0.3847881758
31348 0.3847881756
31945 0.3847881754
32118 0.3847881752
32163 0.3847881750
32496 0.3847881748
32583 0.3847881747
32621 0.3847881745
32872 0.3847881743
33524 0.3847881739
33671 0.3847881736
33867 0.3847881735
33879 0.3847881733
34146 0.3847881731
34539 0.3847881730
35173 0.3847881728
35631 0.3847881726
35699 0.3847881723
35944 0.3847881721
36491 0.3847881720
36549 0.3847881716
36745 0.3847881714
37094 0.3847881713
37147 0.3847881710
37198 0.3847881709
37205 0.3847881708
37256 0.3847881705
37870 0.3847881702
38902 0.3847881701
38975 0.3847881699
38988 0.3847881697
38998 0.3847881696
39134 0.3847881693
39373 0.3847881691
39787 0.3847881690
39895 0.3847881685
39932 0.3847881684
40649 0.3847881682
40755 0.3847881681
41014 0.3847881680
41194 0.3847881678
41220 0.3847881676
41551 0.3847881674
41867 0.3847881673
41935 0.3847881671
41971 0.3847881669
42121 0.3847881667
42442 0.3847881666
42450 0.3847881665
42572 0.3847881663
42625 0.3847881662
43168 0.3847881660
43215 0.3847881658
43244 0.3847881655
43329 0.3847881653
43962 0.3847881652
43987 0.3847881650
44040 0.3847881646
44319 0.3847881644
44399 0.3847881640
44448 0.3847881637
44925 0.3847881636
45002 0.3847881634
45395 0.3847881632
45736 0.3847881628
45966 0.3847881627
46329 0.3847881626
46383 0.3847881624
46427 0.3847881623
46432 0.3847881618
46687 0.3847881614
46727 0.3847881611
47524 0.3847881609
48810 0.3847881607
49368 0.3847881606
49439 0.3847881603
49709 0.3847881600
50000 0.3847881624
evaluations raw_y
1 9.6078105791
18 8.4665290096
21 8.1145224112
27 6.3814086353
91 4.4755018869
157 4.2361666189
196 3.2035080412
1139 2.8396575388
1989 2.5391971733
1991 2.3488489553
2006 2.1233314064
2007 2.0755624414
2016 1.8697902731
2044 1.3270409167
2161 1.2847396415
2292 1.2053937247
2296 1.0559867981
2307 1.0476669723
2404 0.9851650676
2426 0.9773319269
2452 0.7380129405
2526 0.6739430647
2541 0.6716053728
2544 0.6008323508
2600 0.5875059602
2726 0.5848815980
2732 0.5319643917
2767 0.4848462723
2795 0.4442200384
2922 0.4433653189
2948 0.4419563516
3003 0.3737419273
3054 0.3448081599
3131 0.3224493003
3151 0.3092141948
3251 0.3087776295
3259 0.3012020700
3262 0.2907321830
3273 0.2803140658
3478 0.2679206179
3668 0.2615735869
3888 0.2597597413
3900 0.2578203178
4105 0.2577430737
4318 0.2571357247
4383 0.2561717315
4403 0.2560657364
4442 0.2560442263
4454 0.2549634383
4483 0.2549107161
4498 0.2546426813
4499 0.2541943736
4503 0.2539821337
4535 0.2537138607
4600 0.2536928024
4606 0.2533376963
4780 0.2529986415
4781 0.2529654184
4818 0.2529568812
4823 0.2523916293
4843 0.2523122280
4913 0.2522567965
4925 0.2522402504
4934 0.2520465545
4940 0.2519564055
4974 0.2519162512
5012 0.2518707958
5018 0.2516129659
5021 0.2515719244
5139 0.2514983387
5244 0.2514639001
5278 0.2514199792
5318 0.2513150868
5397 0.2512700170
5410 0.2512483967
5704 0.2512286950
5742 0.2512143878
5766 0.2512097561
5777 0.2512020615
5781 0.2511654545
5802 0.2511622887
5815 0.2511492447
5822 0.2511396557
5835 0.2511251051
5878 0.2511077705
5999 0.2511012472
6043 0.2510993402
6051 0.2510975448
6066 0.2510831789
6183 0.2510758474
6215 0.2510693151
6268 0.2510669703
6312 0.2510619286
6322 0.2510596743
6393 0.2510584053
6416 0.2510570891
6419 0.2510561956
6472 0.2510561779
6491 0.2510555621
6496 0.2510508451
6516 0.2510486560
6709 0.2510470584
6723 0.2510464599
6776 0.2510438666
6911 0.2510435353
7039 0.2510433380
7056 0.2510420684
7069 0.2510418391
7121 0.2510413706
7189 0.2510411842
7403 0.2510411819
7420 0.2510411801
7421 0.2510409814
7422 0.2510408471
7423 0.2510406641
7433 0.2510406437
7696 0.2510404361
7713 0.2510401861
7782 0.2510401564
7787 0.2510401342
7924 0.2510400608
7937 0.2510400258
7938 0.2510399722
8068 0.2510399627
8179 0.2510399334
8181 0.2510399043
8188 0.2510398848
8444 0.2510398688
8452 0.2510398592
8456 0.2510398498
8534 0.2510398405
8547 0.2510398385
8595 0.2510398196
8669 0.2510398185
8861 0.2510398123
8949 0.2510398057
9134 0.2510398020
9201 0.2510397995
9208 0.2510397988
9328 0.2510397977
9361 0.2510397973
9362 0.2510397962
9376 0.2510397952
9384 0.2510397945
9390 0.2510397938
9436 0.2510397936
9445 0.2510397913
9480 0.2510397910
9552 0.2510397897
9557 0.2510397890
9579 0.2510397888
9583 0.2510397885
9591 0.2510397880
9600 0.2510397868
9861 0.2510397858
9867 0.2510397854
9935 0.2510397852
10003 0.2510397850
10012 0.2510397842
10030 0.2510397838
10066 0.2510397835
10081 0.2510397830
10123 0.2510397825
10513 0.2510397824
10516 0.2510397822
10522 0.2510397821
10733 0.2510397819
10934 0.2510397817
11058 0.2510397815
11093 0.2510397813
11122 0.2510397811
11217 0.2510397809
12539 0.2510397808
12564 0.2510397807
12644 0.2510397806
12665 0.2510397803
12712 0.2510397801
12786 0.2510397800
12923 0.2510397798
12990 0.2510397796
13539 0.2510397794
13554 0.2510397791
13766 0.2510397790
13874 0.2510397788
13952 0.2510397786
14214 0.2510397785
14423 0.2510397784
14468 0.2510397781
14603 0.2510397780
14624 0.2510397778
14693 0.2510397777
14789 0.2510397775
15572 0.2510397774
15657 0.2510397772
15705 0.2510397770
15826 0.2510397768
15839 0.2510397767
16019 0.2510397766
16576 0.2510397765
16601 0.2510397763
16649 0.2510397761
16658 0.2510397760
16810 0.2510397759
16830 0.2510397758
16947 0.2510397756
17050 0.2510397755
17249 0.2510397753
17374 0.2510397752
17549 0.2510397749
17701 0.2510397747
17714 0.2510397743
18067 0.2510397742
18140 0.2510397740
18162 0.2510397738
18399 0.2510397736
18688 0.2510397734
18726 0.2510397733
18820 0.2510397732
18905 0.2510397729
19028 0.2510397727
19203 0.2510397725
24913 0.2510397724
50000 0.2510397739
evaluations raw_y
1 17.3442108810
3 7.6669445023
14 6.5769134700
32 4.2479476718
146 3.7155248098
209 3.6729683748
273 2.2787417543
824 1.7801341302
1622 1.0729532049
1853 0.9530466776
2067 0.9520590076
2240 0.9053503056
2244 0.8219241191
2259 0.8147269817
2348 0.7319914997
2367 0.7086876574
2381 0.4941201689
2442 0.4488580346
2773 0.4128187730
2917 0.3875432523
3057 0.3866125673
3096 0.3754528093
3097 0.3641125395
3175 0.3544276440
3182 0.3537388233
3185 0.3378540775
3201 0.3375828081
3249 0.3155182812
3288 0.3037516740
3294 0.2938452107
3371 0.2855676689
3425 0.2832584519
3449 0.2812810570
3466 0.2752766273
3484 0.2703644766
3493 0.2689313386
3508 0.2671208325
3544 0.2607595841
3595 0.2603512202
3597 0.2575443227
3601 0.2562638180
3618 0.2548009402
3635 0.2530485877
3640 0.2530056384
3658 0.2514832056
3663 0.2509172712
3688 0.2434338858
3740 0.2423715723
3888 0.2416796904
3906 0.2414425715
3920 0.2403175273
3921 0.2387648335
3967 0.2378570400
3979 0.2351804860
3989 0.2350052775
4010 0.2348991545
4014 0.2348789263
4027 0.2321303059
4282 0.2297549674
4283 0.2267625195
4316 0.2242338651
4362 0.2239884770
4398 0.2237856061
4399 0.2234249879
4407 0.2223542055
4424 0.2221535616
4428 0.2208781457
4732 0.2205988287
4742 0.2205484664
4768 0.2198205838
4777 0.2196582660
4919 0.2196431347
4953 0.2192535972
5035 0.2191771916
5045 0.2191412068
5050 0.2190459499
5098 0.2188991071
5114 0.2182711825
5187 0.2181698732
5219 0.2181473140
5378 0.2181390607
5380 0.2181373905
5409 0.2180380496
5427 0.2180230812
5437 0.2178857865
5439 0.2178047745
5480 0.2177088567
5488 0.2176522462
5495 0.2176432460
5499 0.2176013094
5502 0.2175388354
5513 0.2175198686
5533 0.2174864990
5549 0.2174493499
5572 0.2173921591
5631 0.2173599763
5655 0.2172947850
5742 0.2172824977
5780 0.2172383865
5906 0.2172382682
5914 0.2172315592
5947 0.2172286042
5958 0.2172106892
5964 0.2171964802
5984 0.2171820044
6234 0.2171789989
6257 0.2171784569
6355 0.2171768741
6370 0.2171700971
6472 0.2171685137
6535 0.2171642661
6563 0.2171609776
6572 0.2171604985
6584 0.2171603799
6786 0.2171603730
6796 0.2171589149
6830 0.2171571313
6856 0.2171565110
7030 0.2171564818
7065 0.2171557754
7083 0.2171543387
7362 0.2171542540
7398 0.2171541200
7463 0.2171540812
7503 0.2171540201
7533 0.2171539509
7576 0.2171538529
7588 0.2171538306
7603 0.2171535061
7618 0.2171534680
7970 0.2171533763
8163 0.2171533630
8288 0.2171533114
8581 0.2171533053
8818 0.2171533026
8878 0.2171532961
9131 0.2171532926
9181 0.2171532923
9183 0.2171532914
9200 0.2171532905
9642 0.2171532901
9677 0.2171532896
9688 0.2171532885
9712 0.2171532881
9946 0.2171532880
9956 0.2171532877
9971 0.2171532876
10046 0.2171532875
10165 0.2171532871
10237 0.2171532870
10325 0.2171532868
10909 0.2171532867
11427 0.2171532866
11492 0.2171532864
11906 0.2171532862
12256 0.2171532861
12399 0.2171532860
15625 0.2171532858
24456 0.2171532856
24832 0.2171532854
25510 0.2171532852
25627 0.2171532851
27538 0.2171532850
27612 0.2171532848
28126 0.2171532847
29074 0.2171532846
29314 0.2171532844
29744 0.2171532843
29745 0.2171532842
34088 0.2171532840
35463 0.2171532839
36627 0.2171532838
40909 0.2171532836
43139 0.2171532834
44309 0.2171532833
48498 0.2171532832
48580 0.2171532830
48820 0.2171532829
49009 0.2171532827
49842 0.2171532826
50000 0.2171532829
evaluations raw_y
1 15.8363336808
8 8.1362532929
25 1.4044127434
1582 1.2097289110
2022 1.0637902328
2260 1.0276775342
2304 0.8736794160
2314 0.8458481070
2332 0.5838804526
2363 0.5798980169
2385 0.4944202622
2904 0.4809812262
2915 0.4759065234
2917 0.4518927318
2974 0.4154091741
3044 0.4097404816
3051 0.4027223100
3053 0.4009864820
3134 0.3779250041
3174 0.3692054290
3314 0.3433273805
3350 0.3420305189
3356 0.3358204745
3421 0.3347672815
3452 0.3277880430
3508 0.3192944896
3521 0.3135843651
3612 0.3091150014
3763 0.3084405487
3766 0.3065938546
3907 0.3055463742
3912 0.3053135682
3929 0.3008415383
4051 0.2998431279
4086 0.2983560662
4107 0.2975634942
4140 0.2971286587
4271 0.2968865491
4313 0.2955347902
4614 0.2952448015
4642 0.2950398588
4645 0.2937711981
4675 0.2937407530
4677 0.2934338283
4685 0.2933655335
4701 0.2931898654
4832 0.2931366186
4986 0.2927451827
5037 0.2925339781
5051 0.2923252055
5117 0.2923168213
5140 0.2922725344
5142 0.2922651468
5145 0.2920889624
5322 0.2920830956
5334 0.2920504325
5348 0.2920052235
5350 0.2919416765
5362 0.2918822715
5381 0.2918040951
5459 0.2917554648
5513 0.2917432216
5516 0.2917298415
5539 0.2917050211
5543 0.2916565102
5631 0.2916489086
5658 0.2916458974
5698 0.2916325157
5705 0.2916266019
5714 0.2916189766
5732 0.2916149674
5737 0.2916021661
5773 0.2915789870
5813 0.2915557781
5827 0.2915475165
5830 0.2915142420
5859 0.2914916660
6115 0.2914753211
6253 0.2914604048
6267 0.2914536956
6291 0.2914522500
6353 0.2914412277
6367 0.2914358624
6647 0.2914335114
6665 0.2914289472
6935 0.2914288364
6956 0.2914284987
6983 0.2914264919
7073 0.2914258607
7102 0.2914240779
7228 0.2914239888
7244 0.2914237156
7256 0.2914232241
7401 0.2914225890
7402 0.2914216647
7477 0.2914207056
7496 0.2914205269
7617 0.2914198204
7622 0.2914195804
7922 0.2914194904
7949 0.2914194272
8174 0.2914193880
8352 0.2914193305
8379 0.2914193019
8380 0.2914192375
8385 0.2914192370
8386 0.2914192335
8409 0.2914191974
8428 0.2914191282
8433 0.2914191125
8442 0.2914191073
8517 0.2914190825
8518 0.2914190603
8542 0.2914189841
8619 0.2914189659
8773 0.2914189521
8793 0.2914189310
8876 0.2914189135
8889 0.2914189070
8923 0.2914188980
8935 0.2914188822
8968 0.2914188808
9203 0.2914188806
9212 0.2914188768
9213 0.2914188641
9405 0.2914188566
9484 0.2914188539
9553 0.2914188529
9641 0.2914188522
9663 0.2914188504
9756 0.2914188500
9814 0.2914188498
9816 0.2914188496
9835 0.2914188492
9940 0.2914188484
9969 0.2914188481
9994 0.2914188458
10080 0.2914188454
10085 0.2914188444
10116 0.2914188441
10158 0.2914188440
10178 0.2914188437
10241 0.2914188436
10362 0.2914188432
10456 0.2914188429
10496 0.2914188428
10505 0.2914188427
10537 0.2914188423
10835 0.2914188422
11027 0.2914188420
11077 0.2914188418
11123 0.2914188417
11239 0.2914188416
11762 0.2914188413
11814 0.2914188411
11977 0.2914188410
12083 0.2914188409
12191 0.2914188408
12326 0.2914188406
13125 0.2914188405
13192 0.2914188404
13865 0.2914188401
15211 0.2914188399
15331 0.2914188398
15653 0.2914188396
15713 0.2914188395
15728 0.2914188393
16317 0.2914188391
16337 0.2914188390
16457 0.2914188388
16845 0.2914188386
17331 0.2914188383
17646 0.2914188382
17686 0.2914188380
18065 0.2914188378
18432 0.2914188376
18712 0.2914188375
19253 0.2914188372
19594 0.2914188371
19721 0.2914188369
19783 0.2914188368
19844 0.2914188365
19870 0.2914188363
20146 0.2914188362
20240 0.2914188359
20768 0.2914188357
20849 0.2914188356
20982 0.2914188355
21012 0.2914188354
21588 0.2914188352
21602 0.2914188351
22438 0.2914188350
23052 0.2914188348
24694 0.2914188347
24895 0.2914188344
26301 0.2914188340
26404 0.2914188339
26663 0.2914188336
28177 0.2914188334
28691 0.2914188332
29436 0.2914188331
29613 0.2914188330
30528 0.2914188329
31046 0.2914188327
33675 0.2914188326
34800 0.2914188325
34809 0.2914188322
35242 0.2914188321
35301 0.2914188318
42929 0.2914188316
46058 0.2914188315
46128 0.2914188313
46625 0.2914188312
47033 0.2914188310
47287 0.2914188306
48315 0.2914188305
48465 0.2914188303
48780 0.2914188301
49008 0.2914188299
49857 0.2914188297
50000 0.2914188306
evaluations raw_y
1 14.3034653051
4 11.8488427557
8 10.7898665455
10 8.2301720920
23 5.4724293819
35 4.9952180775
73 4.7088841048
228 3.9132432553
951 3.1037282958
2004 2.1814422951
2178 1.6634089635
2192 1.2383843557
2496 1.2174011241
2499 1.0037858535
2511 0.9587032684
2520 0.8611224471
2539 0.8448709006
2656 0.6543277418
2818 0.6512896875
3057 0.6505982461
3080 0.6439673609
3090 0.6266073639
3113 0.5472044831
3127 0.5402007232
3129 0.5245198792
3158 0.5096896634
3167 0.4459358289
3177 0.4343216222
3228 0.4214453918
3241 0.4070301575
3357 0.3900644669
3457 0.3522837959
3732 0.3477884271
3758 0.3417410866
3795 0.3338420839
4478 0.3333034274
4501 0.3288580439
4830 0.3281615713
4943 0.3273578882
4959 0.3268870897
4967 0.3261782469
5098 0.3259655958
5126 0.3258668487
5157 0.3257158689
5160 0.3256118802
5163 0.3254608170
5180 0.3253295886
5205 0.3251676916
5363 0.3249567645
5415 0.3248952698
5457 0.3247599693
5560 0.3246910321
5676 0.3245368430
5874 0.3245333507
5880 0.3244792942
5903 0.3244758373
5919 0.3244702856
6065 0.3244622539
6073 0.3244442448
6124 0.3244226612
6304 0.3244181361
6314 0.3244086539
6315 0.3243880269
6368 0.3243776651
6384 0.3243657698
6394 0.3243644596
6420 0.3243613664
6474 0.3243587660
6509 0.3243542204
6555 0.3243424059
6558 0.3243379658
6873 0.3243338836
6991 0.3243330661
7000 0.3243292990
7050 0.3243288121
7124 0.3243271328
7220 0.3243259855
7333 0.3243258997
7356 0.3243258224
7357 0.3243255079
7465 0.3243233245
7491 0.3243224893
7496 0.3243222270
7501 0.3243220597
7725 0.3243220559
7741 0.3243214955
7815 0.3243212754
7874 0.3243209315
7893 0.3243206339
8022 0.3243203784
8120 0.3243202237
8231 0.3243201954
8302 0.3243201582
8341 0.3243201322
8354 0.3243201017
8368 0.3243200642
8377 0.3243199284
8440 0.3243199158
8474 0.3243199090
8493 0.3243199061
8505 0.3243198185
8804 0.3243198079
8811 0.3243198073
8859 0.3243197806
8944 0.3243197674
8962 0.3243197662
8973 0.3243197582
9071 0.3243197419
9272 0.3243197378
9327 0.3243197292
9627 0.3243197255
9634 0.3243197245
9643 0.3243197243
9764 0.3243197237
9792 0.3243197232
9817 0.3243197209
9975 0.3243197204
10001 0.3243197202
10099 0.3243197198
10128 0.3243197197
10165 0.3243197194
10236 0.3243197192
10248 0.3243197191
10268 0.3243197187
10287 0.3243197182
10298 0.3243197180
10316 0.3243197179
10389 0.3243197178
10483 0.3243197174
10727 0.3243197173
10964 0.3243197172
11009 0.3243197170
11164 0.3243197169
12733 0.3243197167
13444 0.3243197166
13971 0.3243197165
15651 0.3243197164
16507 0.3243197162
18030 0.3243197161
19159 0.3243197159
19965 0.3243197157
24916 0.3243197156
26021 0.3243197155
29079 0.3243197154
30092 0.3243197152
35023 0.3243197151
35611 0.3243197150
37108 0.3243197148
38119 0.3243197147
39888 0.3243197144
42018 0.3243197142
43486 0.3243197140
45310 0.3243197139
46825 0.3243197138
46830 0.3243197136
47289 0.3243197134
47300 0.3243197133
48022 0.3243197132
50000 0.3243197144
evaluations raw_y
1 19.9126265848
2 9.4022375128
13 7.5243323309
19 4.3000184068
41 4.2741382480
108 4.1291830925
287 3.3670636776
350 2.9199338772
591 2.5326271633
1782 2.5250894450
1873 2.0094587857
2058 1.8471428303
2068 1.6718645521
2276 1.5395580088
2291 1.4454370389
2496 1.2734006767
2513 1.2209219472
2559 1.1127799270
2574 1.0215562327
2680 0.9772554087
2763 0.9366683085
2918 0.9281690471
2921 0.8560098650
2955 0.8450788053
3030 0.8005165998
3044 0.7990476195
3235 0.7887903795
3348 0.7819169702
3404 0.7645601534
3473 0.7644632368
3490 0.7634138147
3494 0.7527773232
3497 0.7509520506
3566 0.7471395025
3575 0.7403396258
3591 0.7348158486
3615 0.7321301340
3774 0.7266258220
3786 0.7261209046
3836 0.7224054654
3916 0.7207876138
3974 0.7187437380
3984 0.7149285290
4272 0.7138438508
4281 0.7118872584
4531 0.7117727204
4608 0.7117720360
4634 0.7116875438
4642 0.7114898605
4668 0.7111005053
4673 0.7096601083
4722 0.7095620096
4729 0.7095547113
4730 0.7093609028
4788 0.7092404450
4836 0.7089036152
4843 0.7072373802
4855 0.7072031912
4857 0.7068152648
4988 0.7065961373
5090 0.7063475599
5094 0.7060252543
5290 0.7059941222
5300 0.7059303799
5336 0.7058696598
5351 0.7058417744
5446 0.7058103375
5453 0.7056316611
5490 0.7055696584
5620 0.7055695625
5884 0.7055535215
5896 0.7055530858
5898 0.7055302145
5985 0.7055077137
6012 0.7054651902
6061 0.7054542556
6066 0.7054266401
6236 0.7054252901
6241 0.7054064742
6325 0.7053952983
6432 0.7053950432
6441 0.7053859037
6500 0.7053847246
6530 0.7053813183
6532 0.7053806210
6537 0.7053569882
6544 0.7053559005
6637 0.7053443867
6685 0.7053367881
7120 0.7053360717
7176 0.7053345579
7259 0.7053338438
7314 0.7053332458
7332 0.7053327320
7354 0.7053321821
7445 0.7053320894
7454 0.7053311072
7505 0.7053309448
7532 0.7053304916
7550 0.7053298907
7612 0.7053294655
7677 0.7053293828
7765 0.7053291538
7907 0.7053287851
7922 0.7053287662
8029 0.7053286507
8091 0.7053286164
8259 0.7053285430
8267 0.7053284843
8301 0.7053283213
8349 0.7053283132
8496 0.7053282217
8511 0.7053282056
8562 0.7053281656
8577 0.7053281415
8649 0.7053281376
8792 0.7053281301
8872 0.7053281264
8884 0.7053281145
8929 0.7053280988
9175 0.7053280902
9203 0.7053280879
9254 0.7053280637
9274 0.7053280598
9296 0.7053280587
9423 0.7053280527
9495 0.7053280519
9556 0.7053280488
9567 0.7053280450
9576 0.7053280434
9653 0.7053280419
9774 0.7053280414
9776 0.7053280398
9810 0.7053280394
9916 0.7053280382
10023 0.7053280377
10164 0.7053280375
10225 0.7053280374
10370 0.7053280372
11245 0.7053280369
11252 0.7053280368
11281 0.7053280366
11639 0.7053280365
11757 0.7053280362
11807 0.7053280359
11875 0.7053280356
12017 0.7053280354
13174 0.7053280353
13534 0.7053280350
13743 0.7053280347
14211 0.7053280340
14872 0.7053280339
15474 0.7053280334
16383 0.7053280333
16507 0.7053280330
16545 0.7053280327
16927 0.7053280325
18986 0.7053280321
19238 0.7053280319
19372 0.7053280318
19741 0.7053280317
20542 0.7053280314
20888 0.7053280311
21112 0.7053280306
21663 0.7053280304
22461 0.7053280303
22467 0.7053280301
23038 0.7053280298
23163 0.7053280296
23532 0.7053280295
24166 0.7053280291
24535 0.7053280288
25233 0.7053280282
25754 0.7053280281
25768 0.7053280279
25959 0.7053280276
25964 0.7053280273
26002 0.7053280271
26158 0.7053280268
26174 0.7053280265
26986 0.7053280264
28232 0.7053280263
28245 0.7053280261
28445 0.7053280259
30909 0.7053280256
31845 0.7053280254
32126 0.7053280253
32129 0.7053280250
32377 0.7053280247
32989 0.7053280242
33496 0.7053280239
33880 0.7053280238
33897 0.7053280236
34585 0.7053280235
34591 0.7053280231
34592 0.7053280227
35034 0.7053280223
35442 0.7053280220
35473 0.7053280219
35495 0.7053280218
35656 0.7053280216
35686 0.7053280214
36252 0.7053280212
36788 0.7053280210
36841 0.7053280209
36964 0.7053280207
36992 0.7053280206
37367 0.7053280200
37593 0.7053280194
37707 0.7053280188
37893 0.7053280186
38121 0.7053280183
38770 0.7053280181
38933 0.7053280178
39090 0.7053280177
39111 0.7053280176
40306 0.7053280171
40372 0.7053280168
40411 0.7053280167
42305 0.7053280164
42311 0.7053280160
42569 0.7053280157
42843 0.7053280156
42975 0.7053280153
43209 0.7053280152
43289 0.7053280151
43706 0.7053280147
44043 0.7053280141
45393 0.7053280138
45519 0.7053280131
45643 0.7053280127
46046 0.7053280124
46336 0.7053280120
47479 0.7053280115
47514 0.7053280112
48151 0.7053280110
50000 0.7053280134
evaluations raw_y
1 7.0602650302
24 6.3027189670
27 5.7221842298
169 5.4092643681
390 3.8490410822
668 3.3548639775
1242 3.2730456326
1281 2.9062561762
1344 1.7933346296
2303 1.7456671433
2307 1.7271967409
2389 1.4783890160
2684 1.4435440274
2727 1.3162760800
2729 1.2075722522
2753 1.1850561477
2778 1.0814348876
2794 1.0391338038
2822 1.0386609211
2843 1.0016642623
2878 0.9127970045
2960 0.8659133162
3074 0.8559031924
3085 0.8412832213
3088 0.7948981186
3299 0.7939872980
3318 0.7797675375
3375 0.7785937372
3394 0.7738106677
3397 0.7581165200
3406 0.7465340482
3495 0.7404011790
3632 0.7384788551
3635 0.7377913300
3647 0.7338586393
3706 0.7288822354
3742 0.7271347840
3758 0.7270900338
3816 0.7268969937
3819 0.7097831526
3892 0.7089053482
3952 0.7057780522
3991 0.7053462998
4061 0.7041477934
4095 0.7037188289
4111 0.7030739380
4259 0.7017292209
4341 0.7005774181
4354 0.6982085718
4365 0.6972750556
4722 0.6967145737
4741 0.6966715176
4775 0.6965932234
4782 0.6964003679
4786 0.6961643936
4916 0.6961559843
4932 0.6961415896
4965 0.6960632750
4975 0.6960008042
4987 0.6956460109
5001 0.6951101643
5009 0.6949307382
5032 0.6948936814
5063 0.6945512697
5126 0.6945060725
5146 0.6945035525
5187 0.6943732371
5398 0.6943513969
5404 0.6942479431
5454 0.6942355332
5464 0.6941821765
5471 0.6940438860
5475 0.6940309773
5790 0.6940117702
5926 0.6940117287
5935 0.6939952417
5946 0.6939684798
6079 0.6939610061
6102 0.6939440039
6316 0.6939365521
6383 0.6939328975
6404 0.6939322048
6422 0.6939282167
6455 0.6939266663
6474 0.6939205004
6907 0.6939173533
6922 0.6939163225
6948 0.6939150665
7044 0.6939149965
7056 0.6939133382
7057 0.6939130057
7148 0.6939129403
7154 0.6939126546
7169 0.6939114288
7314 0.6939112037
7334 0.6939110150
7347 0.6939107866
7355 0.6939089057
7509 0.6939079002
7564 0.6939075729
7665 0.6939072950
7774 0.6939071292
7915 0.6939071007
7965 0.6939070067
8147 0.6939068744
8634 0.6939068706
8643 0.6939067726
8688 0.6939067434
8695 0.6939067097
8846 0.6939066989
9002 0.6939066918
9083 0.6939066879
9088 0.6939066847
9107 0.6939066831
9174 0.6939066821
9211 0.6939066737
9373 0.6939066693
9406 0.6939066681
9424 0.6939066652
9606 0.6939066638
9627 0.6939066633
9636 0.6939066615
9721 0.6939066610
9748 0.6939066606
9757 0.6939066599
9980 0.6939066589
10178 0.6939066588
10206 0.6939066583
10359 0.6939066582
10524 0.6939066581
12874 0.6939066579
17792 0.6939066577
18081 0.6939066576
18576 0.6939066572
18944 0.6939066571
18961 0.6939066570
19074 0.6939066567
21383 0.6939066565
21658 0.6939066563
21680 0.6939066561
22054 0.6939066559
22725 0.6939066556
23942 0.6939066554
23947 0.6939066552
25507 0.6939066550
29535 0.6939066549
33712 0.6939066548
34238 0.6939066546
34333 0.6939066544
34854 0.6939066543
34890 0.6939066541
34913 0.6939066537
35266 0.6939066536
37008 0.6939066534
37011 0.6939066532
37211 0.6939066531
37217 0.6939066530
37323 0.6939066528
38083 0.6939066527
38201 0.6939066525
38745 0.6939066524
38758 0.6939066523
38972 0.6939066521
40109 0.6939066520
40179 0.6939066517
40842 0.6939066515
41386 0.6939066513
42450 0.6939066511
43323 0.6939066510
43855 0.6939066508
44117 0.6939066507
46489 0.6939066504
47270 0.6939066501
47419 0.6939066499
49636 0.6939066495
50000 0.6939066507
evaluations raw_y
1 15.2286759480
3 9.1760123343
10 4.3346943030
240 4.1874902796
350 4.1030395370
533 3.6251776539
551 3.0730609915
726 2.4201840253
1621 1.9193156607
1830 1.8342717571
1969 1.4396044953
2041 1.4210363568
2045 1.2157337304
2047 0.9455189335
2227 0.7408852204
2239 0.6524889794
2497 0.5309383579
2675 0.5304995250
2701 0.4904669991
2883 0.4757495047
2901 0.4721322432
2917 0.4440445231
2950 0.4202307257
2955 0.4163563425
2969 0.3958369632
3009 0.3819578043
3011 0.3449841521
3162 0.3337387635
3190 0.3324710407
3234 0.3194811657
3289 0.3111040558
3346 0.3086991719
3359 0.3034360608
3459 0.2949980556
3643 0.2942917821
3695 0.2926718262
3735 0.2923826097
3825 0.2903281700
3899 0.2901975232
3902 0.2890167029
3927 0.2854313112
3974 0.2845114326
3976 0.2795172409
4123 0.2792766448
4130 0.2790029843
4137 0.2789435286
4154 0.2784482406
4156 0.2767419945
4179 0.2764221491
4182 0.2732102249
4521 0.2730765421
4536 0.2728954338
4560 0.2728824002
4579 0.2721700787
4773 0.2721303305
4824 0.2716897251
4854 0.2712872154
4883 0.2705364997
4972 0.2702621407
5179 0.2699938309
5445 0.2698752244
5516 0.2698381189
5525 0.2698235842
5557 0.2698071102
5602 0.2697929271
5612 0.2697468122
5819 0.2697441993
5851 0.2697278590
5989 0.2697275724
6239 0.2697187431
6260 0.2697174960
6267 0.2697099852
6283 0.2697008932
6427 0.2697002127
6439 0.2696992146
6469 0.2696974093
6471 0.2696939937
6714 0.2696935149
6768 0.2696924892
6812 0.2696919453
6820 0.2696911157
6836 0.2696911042
6854 0.2696889816
6865 0.2696886180
7032 0.2696877793
7072 0.2696876608
7110 0.2696865862
7145 0.2696856910
7223 0.2696852741
7398 0.2696850932
7466 0.2696850188
7467 0.2696848782
7476 0.2696847878
7491 0.2696846177
7580 0.2696843328
7589 0.2696842271
7701 0.2696841623
7822 0.2696839713
7859 0.2696839345
7902 0.2696839298
7981 0.2696838571
7988 0.2696837529
8128 0.2696837215
8137 0.2696837180
8158 0.2696837163
8163 0.2696837055
8208 0.2696836651
8219 0.2696836647
8270 0.2696836582
8274 0.2696836038
8438 0.2696835868
8552 0.2696835390
8594 0.2696835327
8676 0.2696835298
8726 0.2696835267
8741 0.2696835207
8831 0.2696835178
8881 0.2696835102
9130 0.2696835094
9142 0.2696835075
9156 0.2696835047
9186 0.2696835038
9187 0.2696835036
9360 0.2696835035
9404 0.2696835014
9477 0.2696835012
9484 0.2696834994
9615 0.2696834990
9716 0.2696834988
9725 0.2696834986
9751 0.2696834981
9789 0.2696834976
9792 0.2696834974
9794 0.2696834970
9805 0.2696834967
9813 0.2696834963
10076 0.2696834960
10204 0.2696834959
10239 0.2696834958
10494 0.2696834957
19120 0.2696834955
33040 0.2696834954
33043 0.2696834953
35619 0.2696834952
38919 0.2696834950
38937 0.2696834949
50000 0.2696834959
evaluations raw_y
1 13.8281394615
2 12.9619522542
6 8.4219148289
9 5.9156592797
37 5.9119068269
40 2.9804683223
358 2.5621351973
1068 2.5040478665
1617 2.4890232505
1640 2.4401237656
1651 2.2787432292
1657 1.8718551235
1824 1.5550935997
2187 1.4149696568
2401 1.3437302603
2449 1.1531626000
2556 1.1023940339
2577 0.9916713209
2590 0.8772326198
2646 0.8349659168
2694 0.7677900538
3013 0.7652444166
3028 0.7318792334
3046 0.6950402110
3060 0.6545068399
3357 0.6525905549
3431 0.6448654663
3459 0.6410839411
3491 0.6383111056
3493 0.6289735804
3520 0.6267260615
3561 0.6212013712
3563 0.6136297106
3736 0.6127285201
3743 0.6078265058
3753 0.6052391396
3792 0.6022364810
3833 0.5990731161
3840 0.5958675312
4014 0.5919831741
4159 0.5879960468
4275 0.5877824345
4431 0.5873829856
4436 0.5865280181
4442 0.5864500945
4468 0.5854307085
4498 0.5846367245
4547 0.5840884228
4558 0.5837930512
4575 0.5837861252
4576 0.5832675337
4609 0.5832480806
4621 0.5820221693
4683 0.5816840351
4781 0.5814444632
4915 0.5813536208
4921 0.5811025882
4957 0.5807858033
4967 0.5805776515
4971 0.5800995360
4973 0.5797033598
5012 0.5796487119
5035 0.5796473642
5078 0.5792394771
5162 0.5791813251
5207 0.5791147658
5297 0.5790617110
5356 0.5790539205
5375 0.5790537456
5399 0.5790261489
5438 0.5787916829
5469 0.5786991153
5491 0.5786521854
5505 0.5786310894
5526 0.5786150931
5538 0.5785850412
5561 0.5785540955
5593 0.5785421396
5608 0.5784783323
5621 0.5784733224
5967 0.5784681487
6026 0.5784650120
6039 0.5784510871
6050 0.5784361358
6070 0.5784231759
6085 0.5784058734
6108 0.5784028830
6113 0.5783853509
6116 0.5783496381
6123 0.5783054636
6149 0.5782993704
6159 0.5782924974
6198 0.5782837955
6204 0.5782516465
6228 0.5782218981
6357 0.5782136666
6358 0.5781922539
6385 0.5781910759
6399 0.5781809696
6613 0.5781713536
6644 0.5781624383
6947 0.5781601765
6959 0.5781587444
7017 0.5781564274
7024 0.5781560018
7034 0.5781510158
7065 0.5781499745
7081 0.5781492508
7089 0.5781485908
7097 0.5781479595
7115 0.5781449177
7151 0.5781436830
7156 0.5781418452
7195 0.5781416006
7208 0.5781412309
7217 0.5781392608
7223 0.5781370416
7237 0.5781370263
7314 0.5781363390
7369 0.5781356536
7576 0.5781346552
7578 0.5781346081
7602 0.5781344851
7651 0.5781338308
7745 0.5781337199
7754 0.5781329530
7776 0.5781329488
7785 0.5781320714
7833 0.5781319889
8055 0.5781318631
8131 0.5781313535
8223 0.5781313389
8259 0.5781312477
8262 0.5781311676
8362 0.5781311274
8376 0.5781310950
8383 0.5781309982
8519 0.5781309689
8616 0.5781309393
8642 0.5781309123
8689 0.5781308217
8705 0.5781307897
8715 0.5781307533
8734 0.5781307359
8744 0.5781307182
8765 0.5781306528
8782 0.5781306134
9068 0.5781306103
9074 0.5781306006
9268 0.5781305917
9279 0.5781305858
9293 0.5781305848
9326 0.5781305837
9331 0.5781305833
9337 0.5781305769
9349 0.5781305755
9357 0.5781305692
9359 0.5781305682
9362 0.5781305653
9366 0.5781305648
9373 0.5781305437
9415 0.5781305412
9429 0.5781305402
9451 0.5781305264
9506 0.5781305223
9513 0.5781305218
9527 0.5781305205
9540 0.5781305203
9542 0.5781305163
9576 0.5781305078
9793 0.5781305031
9808 0.5781305030
9827 0.5781305023
9867 0.5781305006
9883 0.5781304992
9931 0.5781304962
9943 0.5781304951
10063 0.5781304931
10345 0.5781304925
10346 0.5781304920
10391 0.5781304916
10501 0.5781304911
10505 0.5781304909
10582 0.5781304906
10597 0.5781304903
10654 0.5781304900
10753 0.5781304899
10947 0.5781304897
11109 0.5781304895
11201 0.5781304892
11250 0.5781304888
11430 0.5781304887
11436 0.5781304885
11558 0.5781304884
11581 0.5781304882
11603 0.5781304879
11692 0.5781304878
11852 0.5781304874
12032 0.5781304870
12126 0.5781304869
12161 0.5781304867
12180 0.5781304865
12244 0.5781304863
12368 0.5781304861
12486 0.5781304858
13120 0.5781304855
13304 0.5781304854
13359 0.5781304852
13448 0.5781304848
13653 0.5781304846
13780 0.5781304845
13879 0.5781304843
13942 0.5781304842
14253 0.5781304840
14435 0.5781304838
14449 0.5781304836
14477 0.5781304834
14658 0.5781304832
14732 0.5781304830
14748 0.5781304828
14863 0.5781304827
14935 0.5781304825
14986 0.5781304823
15083 0.5781304821
15179 0.5781304820
15220 0.5781304815
16043 0.5781304814
16339 0.5781304813
16347 0.5781304811
16349 0.5781304806
16858 0.5781304805
17272 0.5781304802
17294 0.5781304801
17432 0.5781304800
17435 0.5781304799
17460 0.5781304796
17508 0.5781304791
17532 0.5781304789
17560 0.5781304786
17643 0.5781304785
17927 0.5781304783
18707 0.5781304781
18862 0.5781304780
18915 0.5781304778
19212 0.5781304776
19248 0.5781304775
21041 0.5781304773
21321 0.5781304771
21362 0.5781304767
21452 0.5781304764
21471 0.5781304763
21789 0.5781304761
22075 0.5781304759
22233 0.5781304758
22555 0.5781304755
22579 0.5781304754
22608 0.5781304751
22747 0.5781304749
23025 0.5781304748
23040 0.5781304746
23121 0.5781304744
23497 0.5781304743
23560 0.5781304742
23657 0.5781304740
23706 0.5781304739
23821 0.5781304736
23845 0.5781304733
24281 0.5781304730
24348 0.5781304729
24378 0.5781304727
24739 0.5781304726
24812 0.5781304725
25470 0.5781304723
25499 0.5781304719
25809 0.5781304718
25817 0.5781304717
25828 0.5781304715
25920 0.5781304712
26294 0.5781304711
26301 0.5781304709
26365 0.5781304708
27482 0.5781304707
27534 0.5781304704
27550 0.5781304703
27645 0.5781304700
27698 0.5781304697
27834 0.5781304695
27955 0.5781304691
28564 0.5781304688
28698 0.5781304685
28971 0.5781304683
29030 0.5781304681
29344 0.5781304680
29692 0.5781304678
30024 0.5781304673
30158 0.5781304669
30585 0.5781304667
30605 0.5781304665
30705 0.5781304662
31069 0.5781304661
31140 0.5781304658
31220 0.5781304657
31354 0.5781304653
31794 0.5781304651
31907 0.5781304649
32014 0.5781304647
32572 0.5781304644
32692 0.5781304642
32750 0.5781304641
32835 0.5781304639
32934 0.5781304636
33329 0.5781304633
33558 0.5781304631
33726 0.5781304627
33945 0.5781304625
34077 0.5781304621
34237 0.5781304620
34262 0.5781304618
34464 0.5781304617
34480 0.5781304615
34583 0.5781304614
34647 0.5781304611
34666 0.5781304609
34735 0.5781304607
34990 0.5781304605
35046 0.5781304604
35075 0.5781304602
35113 0.5781304599
35144 0.5781304598
35175 0.5781304593
35520 0.5781304591
35533 0.5781304590
35556 0.5781304588
35567 0.5781304586
35946 0.5781304584
36137 0.5781304579
36237 0.5781304578
36365 0.5781304576
36497 0.5781304574
36758 0.5781304571
37146 0.5781304570
37280 0.5781304568
38022 0.5781304564
38116 0.5781304563
38225 0.5781304562
38253 0.5781304560
38299 0.5781304558
38458 0.5781304555
38473 0.5781304554
38655 0.5781304549
38754 0.5781304548
38892 0.5781304546
39387 0.5781304545
39404 0.5781304543
39845 0.5781304542
40060 0.5781304540
40218 0.5781304537
41165 0.5781304536
41174 0.5781304533
41273 0.5781304532
41421 0.5781304530
41520 0.5781304527
41655 0.5781304526
42407 0.5781304524
42437 0.5781304521
42438 0.5781304520
42686 0.5781304518
43258 0.5781304516
43466 0.5781304513
43624 0.5781304511
43653 0.5781304509
43964 0.5781304504
44021 0.5781304502
44125 0.5781304501
44191 0.5781304499
44195 0.5781304497
44374 0.5781304495
44488 0.5781304493
44592 0.5781304491
44613 0.5781304486
45350 0.5781304484
46120 0.5781304482
46447 0.5781304481
46461 0.5781304479
46490 0.5781304477
46672 0.5781304475
46710 0.5781304472
46796 0.5781304470
47322 0.5781304468
47547 0.5781304465
47609 0.5781304464
47775 0.5781304462
47878 0.5781304459
47932 0.5781304456
48392 0.5781304453
48640 0.5781304452
48686 0.5781304450
48924 0.5781304449
48933 0.5781304446
49154 0.5781304445
49172 0.5781304442
49209 0.5781304440
49317 0.5781304438
49619 0.5781304436
49655 0.5781304435
49705 0.5781304433
49837 0.5781304429
49896 0.5781304428
50000 0.5781304449
evaluations raw_y
1 19.7817645843
2 19.7279036147
3 6.7446386114
7 4.7579835603
109 2.6563335804
198 2.4595116351
1480 2.1650033043
1733 2.1575109127
1852 1.7480703101
1970 1.6785616069
1981 0.9345660077
2012 0.9176457718
2060 0.8371031666
2160 0.7917001500
2162 0.6891806240
2193 0.6502987116
2293 0.6325627377
2317 0.5706558933
2331 0.4657164243
2374 0.4366432122
2422 0.3717501994
2454 0.3690428780
2467 0.3621712983
2529 0.3352177403
2533 0.3285841326
2547 0.3115414954
2570 0.2995600390
2609 0.2941580946
2625 0.2703832513
2728 0.2492533179
2737 0.2469830282
2745 0.2368178803
2837 0.1831041422
2860 0.1649940061
2868 0.1478997327
2961 0.1384149872
3028 0.1303909833
3067 0.1269550324
3073 0.1189312262
3091 0.1187055578
3093 0.1183080002
3107 0.1082275572
3422 0.1077653096
3539 0.1043312030
3597 0.1034637169
3609 0.1031847337
3619 0.1028660472
3621 0.1018988772
3761 0.1005125672
3786 0.0994875462
3967 0.0989484715
3972 0.0961188071
3992 0.0957823247
3994 0.0950925644
4017 0.0944187329
4061 0.0938912873
4093 0.0937159180
4125 0.0923565701
4255 0.0922883944
4280 0.0920783922
4315 0.0919723952
4355 0.0919464568
4363 0.0913896603
4437 0.0913449345
4581 0.0913125699
4742 0.0912619190
4772 0.0912089214
4790 0.0911637118
4806 0.0910602458
4818 0.0910447622
4825 0.0909654619
4826 0.0908446641
4868 0.0907451753
4909 0.0906997194
4919 0.0906073012
4929 0.0904428925
4942 0.0904067457
5001 0.0903735651
5163 0.0903284920
5165 0.0903090573
5182 0.0902648694
5237 0.0902498137
5242 0.0902420025
5339 0.0902097497
5437 0.0902088105
5458 0.0902031182
5480 0.0901889775
5521 0.0901779179
5563 0.0901478945
5585 0.0901471846
5669 0.0901458036
5788 0.0901348525
5822 0.0901287999
5823 0.0901240182
5865 0.0901217235
5874 0.0901026764
5979 0.0900988492
6152 0.0900966586
6157 0.0900965385
6326 0.0900958115
6343 0.0900941693
6346 0.0900928565
6384 0.0900915215
6412 0.0900902106
6619 0.0900901745
6630 0.0900885441
6672 0.0900885075
6685 0.0900870478
6703 0.0900863752
6777 0.0900861653
6910 0.0900854374
6927 0.0900852478
6951 0.0900842751
7087 0.0900839798
7097 0.0900839205
7290 0.0900838235
7302 0.0900835405
7389 0.0900834046
7563 0.0900833745
7576 0.0900832342
7599 0.0900831995
7622 0.0900831732
7634 0.0900831590
7650 0.0900830856
7652 0.0900830851
7674 0.0900829076
7701 0.0900828857
7757 0.0900828656
7763 0.0900828419
7910 0.0900828008
7978 0.0900827864
7985 0.0900827739
8002 0.0900827546
8018 0.0900826911
8204 0.0900826891
8231 0.0900826832
8279 0.0900826792
8295 0.0900826689
8314 0.0900826460
8513 0.0900826440
8529 0.0900826429
8535 0.0900826362
8642 0.0900826297
8682 0.0900826197
8725 0.0900826183
8746 0.0900826175
8759 0.0900826133
8769 0.0900826121
8781 0.0900826109
8891 0.0900826106
8908 0.0900826082
8998 0.0900826081
9072 0.0900826079
9135 0.0900826072
9140 0.0900826068
9150 0.0900826060
9241 0.0900826038
9251 0.0900826032
9381 0.0900826027
9383 0.0900826019
9400 0.0900826014
9499 0.0900826009
9683 0.0900826006
9708 0.0900826005
9713 0.0900826003
9765 0.0900826000
9869 0.0900825998
9876 0.0900825997
10079 0.0900825996
10147 0.0900825995
10246 0.0900825994
10597 0.0900825993
14281 0.0900825991
17193 0.0900825990
20111 0.0900825987
27450 0.0900825986
42970 0.0900825985
47494 0.0900825983
50000 0.0900825994
evaluations raw_y
1 6.3180649624
10 5.5567151901
27 4.7859537651
68 4.7692161231
285 3.5794832554
314 3.3228939580
443 3.1843971183
653 2.8656554608
1561 2.5724520746
1802 1.8921686437
1860 1.8168114710
1866 1.5645835161
2137 1.3885145668
2143 1.0172032896
2286 1.0095445315
2468 0.9847922460
2555 0.9688514725
2559 0.8853451974
2560 0.7830448829
2670 0.6545945343
2938 0.6297260657
3097 0.5811539771
3529 0.5794695224
3542 0.5754696190
3602 0.5749115374
3618 0.5725693359
3742 0.5690562106
3748 0.5681180616
3753 0.5590263011
3820 0.5586858463
3826 0.5576898831
3849 0.5525269229
3869 0.5472082361
4147 0.5470169658
4191 0.5449588339
4202 0.5441770861
4269 0.5425100374
4275 0.5385083140
4382 0.5385011292
4385 0.5377916603
4463 0.5372406589
4465 0.5362048056
4500 0.5355759944
4503 0.5349261267
4599 0.5348874247
4651 0.5342158338
4719 0.5338773788
4788 0.5337825737
4804 0.5336935350
4807 0.5332090779
4821 0.5328841779
4950 0.5327912166
4993 0.5324309351
5015 0.5323086410
5029 0.5322541097
5081 0.5321744096
5223 0.5319480676
5341 0.5319064661
5356 0.5317924018
5416 0.5317713043
5425 0.5317645162
5430 0.5315206859
5437 0.5315051010
5440 0.5314544326
5509 0.5313778877
5599 0.5313290051
5613 0.5313250425
5620 0.5311651038
5693 0.5311247769
5921 0.5310477643
5955 0.5310117106
6026 0.5310085128
6045 0.5310009291
6047 0.5309538063
6190 0.5309520985
6192 0.5309422081
6224 0.5309120008
6378 0.5308935765
6400 0.5308890721
6542 0.5308738587
6573 0.5308721260
6685 0.5308667538
6704 0.5308640344
6705 0.5308568503
6724 0.5308534089
6802 0.5308513030
6827 0.5308468900
6837 0.5308383877
7098 0.5308379263
7110 0.5308378215
7111 0.5308377350
7120 0.5308370406
7157 0.5308358426
7331 0.5308339546
7332 0.5308333714
7421 0.5308328182
7557 0.5308322883
7563 0.5308309718
7642 0.5308305462
7653 0.5308304746
7668 0.5308303238
7670 0.5308302837
7671 0.5308302227
7723 0.5308300836
7733 0.5308299004
7754 0.5308291657
7770 0.5308290432
7900 0.5308290192
8231 0.5308289374
8250 0.5308287779
8256 0.5308284717
8394 0.5308284448
8531 0.5308284105
8539 0.5308284082
8547 0.5308283954
8575 0.5308283143
8720 0.5308282826
8820 0.5308282693
8853 0.5308282544
8888 0.5308282509
8899 0.5308282440
8917 0.5308282197
8937 0.5308282134
9206 0.5308282110
9240 0.5308282046
9292 0.5308281862
9644 0.5308281857
9702 0.5308281844
9703 0.5308281840
9712 0.5308281839
9719 0.5308281799
9847 0.5308281793
10020 0.5308281789
10021 0.5308281786
10030 0.5308281769
10101 0.5308281764
10233 0.5308281760
10289 0.5308281756
10330 0.5308281754
10763 0.5308281752
11087 0.5308281751
13138 0.5308281749
13965 0.5308281748
14587 0.5308281746
14704 0.5308281745
15223 0.5308281743
15598 0.5308281741
16015 0.5308281739
16778 0.5308281737
16841 0.5308281736
17709 0.5308281733
17760 0.5308281729
20632 0.5308281727
21403 0.5308281726
21609 0.5308281723
21657 0.5308281722
21935 0.5308281720
22756 0.5308281719
25301 0.5308281717
25801 0.5308281715
26709 0.5308281712
27764 0.5308281710
27936 0.5308281707
28169 0.5308281706
28173 0.5308281705
28238 0.5308281703
28426 0.5308281702
29479 0.5308281701
29585 0.5308281699
29621 0.5308281697
30580 0.5308281694
32020 0.5308281692
32947 0.5308281691
33728 0.5308281689
36964 0.5308281687
37230 0.5308281686
37322 0.5308281683
37338 0.5308281681
37870 0.5308281679
40506 0.5308281676
41962 0.5308281674
42617 0.5308281673
43911 0.5308281670
49302 0.5308281669
50000 0.5308281686
evaluations raw_y
1 22.3758443886
3 15.0198684770
8 10.5025751708
9 10.1199630115
11 9.5720377700
12 5.1716497605
68 3.2388591347
400 3.1771702231
450 3.1061587392
451 2.6578655555
1004 2.4328444358
1296 2.3551702865
1598 1.8758380621
2166 1.8708347559
2195 1.8570754644
2209 1.7862170879
2218 1.5042145154
2231 1.2890084215
2418 1.1607605620
2539 0.9995510774
2545 0.8616498079
2591 0.8152935128
2680 0.7986065337
2962 0.7627690881
3230 0.7475769453
3290 0.7427911704
3307 0.7331317506
3321 0.6699029502
3383 0.6670748806
3414 0.6501799850
3427 0.6439099479
3428 0.6189486338
3662 0.6176029800
3683 0.6042242996
3761 0.5978923452
3764 0.5942348042
3774 0.5826720082
3783 0.5718453131
3803 0.5606937763
3826 0.5596352466
3903 0.5585744433
3912 0.5510272991
3965 0.5490127353
3976 0.5416607476
4032 0.5366911615
4492 0.5348345042
4518 0.5345957735
4551 0.5341047077
4686 0.5329983342
4713 0.5323460492
4717 0.5306918450
4723 0.5305197061
4727 0.5288275293
4733 0.5287995516
4747 0.5285493936
4754 0.5275725149
4815 0.5274627715
4838 0.5268548774
4857 0.5257586637
4902 0.5254162833
4913 0.5246721738
5011 0.5246094632
5083 0.5238221174
5115 0.5232220168
5212 0.5231672119
5232 0.5231317109
5262 0.5229170611
5269 0.5228335727
5272 0.5227760024
5285 0.5227233012
5329 0.5227011755
5345 0.5226135109
5347 0.5224454472
5353 0.5223284199
5360 0.5219034555
5551 0.5218426985
5593 0.5218024170
5605 0.5216672068
5611 0.5215545053
5645 0.5212622305
5721 0.5212328768
5725 0.5212134157
5740 0.5212041419
5793 0.5211373932
5829 0.5211269325
5843 0.5209849966
5861 0.5209774717
6588 0.5209604140
6593 0.5209576606
6635 0.5209572767
6750 0.5209531721
6793 0.5209528833
6803 0.5209525545
6805 0.5209489395
6882 0.5209454483
6893 0.5209415011
6912 0.5209319833
6937 0.5209307942
7100 0.5209297866
7108 0.5209287226
7139 0.5209286837
7143 0.5209267620
7185 0.5209256523
7198 0.5209243558
7202 0.5209202536
7349 0.5209190794
7352 0.5209185981
7365 0.5209179231
7372 0.5209141676
7386 0.5209135154
7411 0.5209127473
7423 0.5209121752
7480 0.5209120257
7493 0.5209117454
7568 0.5209105191
7582 0.5209104794
7636 0.5209104361
7675 0.5209103968
7684 0.5209092057
7696 0.5209090542
7752 0.5209086080
7754 0.5209082344
7755 0.5209080851
7762 0.5209079882
7765 0.5209073305
7822 0.5209072218
7832 0.5209067480
7874 0.5209064122
7884 0.5209062441
7895 0.5209062330
7916 0.5209057909
7925 0.5209057740
7941 0.5209057605
8003 0.5209056899
8013 0.5209053162
8054 0.5209050251
8116 0.5209048220
8246 0.5209048056
8294 0.5209047819
8343 0.5209047316
8355 0.5209045250
8427 0.5209045070
8444 0.5209044538
8615 0.5209044119
8709 0.5209043819
8750 0.5209043244
8754 0.5209043162
8822 0.5209043107
8851 0.5209042959
8872 0.5209042851
8883 0.5209042533
8909 0.5209042515
8924 0.5209042418
9008 0.5209042041
9024 0.5209041952
9098 0.5209041853
9341 0.5209041729
9471 0.5209041681
9472 0.5209041648
9508 0.5209041601
9542 0.5209041586
9603 0.5209041521
9705 0.5209041507
9709 0.5209041482
9713 0.5209041479
9745 0.5209041457
9830 0.5209041453
9835 0.5209041434
9913 0.5209041428
9923 0.5209041425
9930 0.5209041404
9939 0.5209041389
10023 0.5209041387
10092 0.5209041378
10218 0.5209041377
10256 0.5209041373
10324 0.5209041366
10352 0.5209041363
10378 0.5209041361
10407 0.5209041358
10446 0.5209041356
10657 0.5209041349
10743 0.5209041346
10755 0.5209041345
11326 0.5209041342
11346 0.5209041341
11398 0.5209041338
11476 0.5209041337
11484 0.5209041334
11529 0.5209041333
11652 0.5209041331
11704 0.5209041329
11953 0.5209041327
12142 0.5209041324
12160 0.5209041323
12381 0.5209041321
12382 0.5209041319
12723 0.5209041316
12731 0.5209041315
12743 0.5209041313
12822 0.5209041312
12832 0.5209041311
12947 0.5209041309
13049 0.5209041306
13115 0.5209041302
13142 0.5209041299
13991 0.5209041296
14089 0.5209041292
14161 0.5209041291
14511 0.5209041289
14548 0.5209041288
14560 0.5209041286
14657 0.5209041284
14700 0.5209041281
14743 0.5209041278
15084 0.5209041276
15598 0.5209041274
15883 0.5209041272
16236 0.5209041270
16357 0.5209041269
16445 0.5209041264
18975 0.5209041262
19026 0.5209041261
19031 0.5209041259
19214 0.5209041258
19242 0.5209041256
19316 0.5209041255
19556 0.5209041253
19750 0.5209041247
19790 0.5209041244
20105 0.5209041243
20124 0.5209041241
20144 0.5209041240
20349 0.5209041239
20426 0.5209041237
20434 0.5209041236
21158 0.5209041235
21178 0.5209041233
21179 0.5209041231
21492 0.5209041229
21534 0.5209041225
21643 0.5209041223
21765 0.5209041220
21781 0.5209041217
21788 0.5209041216
21893 0.5209041212
21999 0.5209041209
22012 0.5209041207
22078 0.5209041205
22169 0.5209041204
22332 0.5209041202
22404 0.5209041195
22607 0.5209041194
22704 0.5209041192
22988 0.5209041189
23365 0.5209041187
23502 0.5209041186
23545 0.5209041183
23558 0.5209041181
23678 0.5209041179
23948 0.5209041177
23978 0.5209041175
24021 0.5209041171
24160 0.5209041170
24210 0.5209041165
24332 0.5209041164
24389 0.5209041162
24872 0.5209041161
24954 0.5209041158
24995 0.5209041155
25076 0.5209041153
25214 0.5209041152
25236 0.5209041150
25418 0.5209041147
25444 0.5209041144
25512 0.5209041143
25528 0.5209041142
25725 0.5209041140
25812 0.5209041139
25838 0.5209041136
25857 0.5209041133
25901 0.5209041131
26135 0.5209041130
26143 0.5209041129
26236 0.5209041127
26328 0.5209041124
26369 0.5209041122
26554 0.5209041121
26681 0.5209041118
26717 0.5209041116
26747 0.5209041115
27145 0.5209041113
27245 0.5209041111
27340 0.5209041109
27478 0.5209041106
27481 0.5209041105
28268 0.5209041103
28375 0.5209041101
29070 0.5209041100
29114 0.5209041099
29123 0.5209041096
29300 0.5209041093
29474 0.5209041091
29564 0.5209041089
29725 0.5209041088
29750 0.5209041086
29937 0.5209041082
30110 0.5209041081
30391 0.5209041079
30498 0.5209041077
30612 0.5209041074
30656 0.5209041072
30940 0.5209041071
30946 0.5209041069
31211 0.5209041068
31456 0.5209041066
31521 0.5209041064
31755 0.5209041063
31927 0.5209041061
31947 0.5209041060
32080 0.5209041058
32112 0.5209041057
32197 0.5209041055
32465 0.5209041054
32611 0.5209041053
32633 0.5209041051
32679 0.5209041049
32806 0.5209041046
32882 0.5209041044
32901 0.5209041043
32902 0.5209041041
32967 0.5209041040
32979 0.5209041039
33143 0.5209041035
33225 0.5209041033
33863 0.5209041032
33918 0.5209041030
34268 0.5209041029
34493 0.5209041027
34636 0.5209041025
34648 0.5209041024
34821 0.5209041021
35172 0.5209041017
35227 0.5209041014
35247 0.5209041013
35401 0.5209041009
35486 0.5209041007
35493 0.5209041005
35558 0.5209041003
35686 0.5209041000
35840 0.5209040998
35910 0.5209040995
36004 0.5209040993
36124 0.5209040991
36136 0.5209040989
36342 0.5209040986
36359 0.5209040984
36509 0.5209040983
36720 0.5209040981
36781 0.5209040980
36815 0.5209040978
36862 0.5209040977
36870 0.5209040974
37493 0.5209040972
37545 0.5209040971
37633 0.5209040969
37652 0.5209040967
37752 0.5209040966
37762 0.5209040964
37929 0.5209040963
37943 0.5209040961
37945 0.5209040959
38017 0.5209040956
38039 0.5209040955
38095 0.5209040954
38220 0.5209040950
38242 0.5209040948
38445 0.5209040946
38449 0.5209040944
38533 0.5209040943
38657 0.5209040941
38711 0.5209040939
39090 0.5209040936
39103 0.5209040933
39141 0.5209040932
39173 0.5209040931
39214 0.5209040928
39273 0.5209040926
39321 0.5209040925
39426 0.5209040924
39540 0.5209040923
39789 0.5209040921
40029 0.5209040920
40132 0.5209040918
40190 0.5209040915
40962 0.5209040913
41195 0.5209040911
41224 0.5209040910
41252 0.5209040906
41327 0.5209040905
41455 0.5209040903
41654 0.5209040900
41778 0.5209040898
41857 0.5209040894
41897 0.5209040892
42939 0.5209040888
43028 0.5209040885
43034 0.5209040883
43156 0.5209040882
43267 0.5209040880
43278 0.5209040879
43298 0.5209040877
43311 0.5209040875
43532 0.5209040872
43541 0.5209040870
43663 0.5209040869
43841 0.5209040867
44049 0.5209040865
44118 0.5209040862
44176 0.5209040859
44315 0.5209040857
44435 0.5209040856
44467 0.5209040854
44482 0.5209040851
44545 0.5209040849
44683 0.5209040847
44872 0.5209040846
44888 0.5209040843
44991 0.5209040840
45130 0.5209040839
45328 0.5209040837
45355 0.5209040836
45528 0.5209040833
45552 0.5209040832
45577 0.5209040830
45587 0.5209040828
45629 0.5209040827
45813 0.5209040825
45917 0.5209040823
45922 0.5209040821
45933 0.5209040820
45968 0.5209040817
46421 0.5209040816
46452 0.5209040815
46545 0.5209040813
46619 0.5209040812
46755 0.5209040810
46814 0.5209040808
46872 0.5209040806
46978 0.5209040804
47543 0.5209040801
47579 0.5209040799
47594 0.5209040797
47664 0.5209040795
47799 0.5209040793
47809 0.5209040792
47905 0.5209040790
48307 0.5209040787
48518 0.5209040782
48596 0.5209040780
48621 0.5209040779
48681 0.5209040777
48876 0.5209040776
48938 0.5209040773
49081 0.5209040771
49096 0.5209040768
49397 0.5209040766
49464 0.5209040764
49512 0.5209040762
49520 0.5209040761
49579 0.5209040760
49659 0.5209040758
49685 0.5209040756
49694 0.5209040754
49736 0.5209040752
49815 0.5209040746
49886 0.5209040745
49956 0.5209040741
50000 0.5209040762
evaluations raw_y
1 28.1945122837
2 14.0002442044
3 7.1758987306
20 3.0390784175
498 2.7018543305
1898 2.5086158789
1900 2.0334673804
2099 1.5688168836
2221 1.4955210481
2233 1.2986675157
2330 1.2040986903
2333 1.1102228712
2423 0.8379850301
2482 0.7714442803
2504 0.7575690008
2587 0.7545940419
2628 0.6376426566
2821 0.5969763917
2840 0.4957785261
2910 0.4394908990
2920 0.3981529437
2925 0.3465714196
3020 0.3293201672
3099 0.3260891575
3104 0.3225215993
3107 0.2913004692
3118 0.2644208821
3139 0.2611021108
3143 0.2554684206
3150 0.2321728804
3200 0.2234549797
3223 0.2201128895
3254 0.2005208062
3375 0.1793284685
3388 0.1728945943
3465 0.1616074606
3527 0.1553954390
3556 0.1534500840
3612 0.1437021822
3629 0.1395610846
3633 0.1386120232
3645 0.1375821622
3646 0.1297772601
3788 0.1258287760
3796 0.1197309864
3816 0.1153753697
3894 0.1087805088
3906 0.1083758148
4017 0.1026843628
4039 0.0992628773
4096 0.0988325916
4116 0.0986723605
4120 0.0963386301
4196 0.0956528712
4293 0.0938765409
4426 0.0938418992
4431 0.0924977478
4446 0.0915734082
4532 0.0905729203
4547 0.0898952685
4830 0.0898793837
4832 0.0896374207
4840 0.0892710650
4865 0.0889271893
4876 0.0885089891
4984 0.0884519499
4993 0.0884449952
4994 0.0880293462
5122 0.0876218799
5162 0.0875650340
5168 0.0875426485
5340 0.0875367418
5445 0.0875044814
5475 0.0875034746
5476 0.0874517219
5540 0.0873854676
5618 0.0873694104
5623 0.0873309465
5640 0.0873046339
5673 0.0872797654
5676 0.0872213096
5709 0.0871468456
5744 0.0871349018
5906 0.0871146810
5929 0.0870377377
5933 0.0870338839
5981 0.0870159671
5986 0.0870129239
6024 0.0870039874
6031 0.0870032912
6038 0.0869884643
6051 0.0869625597
6264 0.0869528824
6375 0.0869437228
6437 0.0869396707
6524 0.0869392669
6603 0.0869302139
6695 0.0869290408
6711 0.0869288952
6742 0.0869268873
6766 0.0869235988
6851 0.0869222663
6858 0.0869204815
6964 0.0869203707
7377 0.0869201595
7382 0.0869200868
7444 0.0869199587
7476 0.0869197738
7482 0.0869193010
7528 0.0869187950
7613 0.0869183888
7669 0.0869183461
7674 0.0869182232
7689 0.0869181884
7703 0.0869179122
7712 0.0869176711
7716 0.0869175395
7755 0.0869175134
7767 0.0869174723
7817 0.0869172160
7851 0.0869171332
7872 0.0869170972
7889 0.0869170300
7930 0.0869170077
7943 0.0869170064
7955 0.0869167158
7968 0.0869166697
7975 0.0869165938
7979 0.0869164916
8052 0.0869164220
8058 0.0869163640
8060 0.0869162810
8068 0.0869162589
8086 0.0869161183
8115 0.0869160065
8224 0.0869159332
8244 0.0869159327
8309 0.0869159235
8329 0.0869158418
8436 0.0869158375
8447 0.0869158094
8487 0.0869157930
8493 0.0869157610
8503 0.0869157499
8527 0.0869157439
8609 0.0869157210
8640 0.0869156818
8655 0.0869156461
9057 0.0869156374
9063 0.0869156302
9103 0.0869156189
9235 0.0869156161
9282 0.0869156141
9290 0.0869156121
9320 0.0869156119
9322 0.0869156104
9330 0.0869156080
9367 0.0869156061
9423 0.0869156019
9429 0.0869155995
9436 0.0869155977
9746 0.0869155972
9812 0.0869155966
9856 0.0869155949
9870 0.0869155947
9873 0.0869155941
9918 0.0869155935
10216 0.0869155934
10265 0.0869155929
10284 0.0869155926
10301 0.0869155924
10401 0.0869155922
10406 0.0869155918
10436 0.0869155917
10444 0.0869155914
10457 0.0869155912
10471 0.0869155910
10534 0.0869155909
10569 0.0869155907
10583 0.0869155906
10605 0.0869155903
10837 0.0869155901
10871 0.0869155900
13745 0.0869155898
14371 0.0869155897
16571 0.0869155896
16920 0.0869155894
22293 0.0869155893
25992 0.0869155892
28333 0.0869155890
39790 0.0869155889
40117 0.0869155888
47400 0.0869155887
48820 0.0869155886
49815 0.0869155884
50000 0.0869155889
