evaluations raw_y
1 13.8077939229
2 10.4997100538
5 7.9865166260
23 6.2459916752
26 6.2319027511
28 4.8860374695
152 3.9532483461
172 3.4977272496
300 3.1335731394
636 3.0384415548
747 2.3276589810
964 2.0138548172
3109 1.6802282722
4993 1.6056768187
5556 1.4491608110
5585 1.0688513512
5776 0.8514514841
6059 0.7318288654
6083 0.2028154039
7224 0.1521417143
7919 0.1403120177
7924 0.1325827111
7947 0.1293477744
7973 0.1084133836
8316 0.1018976845
8507 0.0774360746
8932 0.0765529550
9078 0.0750619756
9123 0.0666968755
9146 0.0557711402
9527 0.0524244344
9760 0.0501948133
9990 0.0490770659
10008 0.0462662113
10051 0.0438493049
10283 0.0432456920
10376 0.0407537065
10499 0.0388954207
10503 0.0377999410
10637 0.0367920854
10814 0.0337107763
10977 0.0335005534
11181 0.0302615282
11791 0.0293223237
12164 0.0292229625
12247 0.0290523868
12274 0.0286430883
12377 0.0278959589
12488 0.0272119075
12823 0.0271375938
12902 0.0269946537
13000 0.0268772339
13192 0.0268231082
13413 0.0268043671
13482 0.0267729463
13508 0.0264726249
13608 0.0264335737
13889 0.0263475697
14091 0.0262517852
14124 0.0262181542
14181 0.0260756498
14362 0.0259408141
14605 0.0259032065
14882 0.0258911672
14909 0.0257784654
15054 0.0257763884
15211 0.0257444940
15409 0.0257384919
15423 0.0256595571
15679 0.0256474387
15782 0.0256065882
16044 0.0255965673
16110 0.0255721035
16387 0.0255390455
16589 0.0255249202
16872 0.0255160420
17043 0.0255095340
17127 0.0255072805
17161 0.0255044432
17234 0.0254902273
17400 0.0254872263
17500 0.0254824830
17598 0.0254782929
17869 0.0254753833
17964 0.0254743327
18060 0.0254566818
19066 0.0254536469
19668 0.0254530638
19689 0.0254526165
19707 0.0254515059
19712 0.0254502986
19888 0.0254497012
20086 0.0254495227
20121 0.0254487600
20132 0.0254470138
20244 0.0254469359
20487 0.0254466783
20715 0.0254466639
20829 0.0254461183
20906 0.0254458196
21099 0.0254456959
21107 0.0254448574
21284 0.0254443914
21711 0.0254442723
22024 0.0254440712
22326 0.0254440576
22336 0.0254439804
22380 0.0254439303
22416 0.0254437274
22618 0.0254435452
23135 0.0254434339
23258 0.0254434006
23577 0.0254432944
23873 0.0254432922
23975 0.0254432611
24018 0.0254432333
24219 0.0254432100
24285 0.0254432052
24385 0.0254432023
24615 0.0254431991
24673 0.0254431795
24703 0.0254431653
24829 0.0254431512
24862 0.0254431498
24894 0.0254431457
24913 0.0254431328
25029 0.0254431234
25109 0.0254431210
25181 0.0254431184
25198 0.0254431122
25205 0.0254430985
25261 0.0254430676
25973 0.0254430638
26007 0.0254430556
26090 0.0254430526
26114 0.0254430489
26345 0.0254430444
26538 0.0254430408
26678 0.0254430368
26836 0.0254430343
27230 0.0254430300
27513 0.0254430274
27707 0.0254430260
27753 0.0254430252
27775 0.0254430250
27810 0.0254430235
27874 0.0254430213
27891 0.0254430204
27989 0.0254430181
28120 0.0254430163
28566 0.0254430152
28698 0.0254430141
28990 0.0254430136
29067 0.0254430132
29328 0.0254430130
29444 0.0254430128
29449 0.0254430124
29718 0.0254430120
29997 0.0254430111
30497 0.0254430108
31766 0.0254430107
32109 0.0254430106
32347 0.0254430104
50000 0.0254430107
evaluations raw_y
1 16.4813393507
2 14.8909236318
3 10.0398057020
9 9.4747240458
12 8.8461808675
16 8.2968401443
20 8.0507702908
50 5.7566278453
103 4.6283293336
118 2.0736440961
5236 1.7494662461
5261 1.4333898610
5402 1.1086866108
5714 1.0397051460
5717 0.9436359040
5867 0.9034282470
5899 0.7392340437
5978 0.7113639558
6039 0.5205592833
6297 0.3781951130
6608 0.3635352275
6698 0.3187175530
6783 0.2176424308
6994 0.1362350607
7439 0.1306009536
7581 0.1237579612
7881 0.1012207544
7926 0.0875894789
8073 0.0843221651
8157 0.0824083299
8304 0.0738271380
8392 0.0675864387
8448 0.0639987783
8577 0.0627874135
8805 0.0579908322
8817 0.0543311546
8976 0.0517743686
9115 0.0513236659
9132 0.0413121426
9407 0.0342820166
9792 0.0317708950
10351 0.0286167088
10442 0.0264772179
10566 0.0259037575
10967 0.0242822442
11218 0.0224281732
11537 0.0224030297
11566 0.0222135942
11698 0.0213116068
12094 0.0209572199
12110 0.0208190446
12166 0.0196293692
12476 0.0191658523
12576 0.0191064713
12683 0.0187463820
13105 0.0186142596
13127 0.0185905236
13162 0.0185630620
13213 0.0184970960
13256 0.0184666243
13262 0.0184656144
13272 0.0183751962
13402 0.0183162284
13429 0.0182912605
13440 0.0180564717
13741 0.0180239243
14119 0.0179259352
14163 0.0179180473
14382 0.0177584253
14468 0.0177526074
14478 0.0177337897
14508 0.0176696529
14592 0.0176654109
14622 0.0175813717
14768 0.0175436987
14883 0.0174196146
15229 0.0174186146
15247 0.0173929919
15496 0.0173736906
15511 0.0173498061
15712 0.0173375495
15717 0.0172984655
15839 0.0172954745
15981 0.0172497633
16084 0.0172371757
16214 0.0172327095
16220 0.0172145723
16388 0.0171932613
16557 0.0171928074
16808 0.0171886568
16868 0.0171819401
16889 0.0171782535
16899 0.0171736010
16934 0.0171732363
16950 0.0171704798
16962 0.0171556603
17025 0.0171553952
17131 0.0171481177
17231 0.0171164206
17696 0.0171136001
17701 0.0171095608
17852 0.0171080333
18320 0.0171076575
18352 0.0171044713
18461 0.0170999163
18651 0.0170983932
18670 0.0170969993
18717 0.0170870520
19439 0.0170867279
19526 0.0170843726
19783 0.0170836924
19947 0.0170828889
20004 0.0170821153
20161 0.0170811850
20260 0.0170809671
20361 0.0170807966
20555 0.0170799988
20842 0.0170784900
21057 0.0170781909
21299 0.0170780323
21387 0.0170776884
21516 0.0170775140
21828 0.0170774523
22028 0.0170773824
22114 0.0170772386
22196 0.0170770139
22387 0.0170768208
22818 0.0170768173
23010 0.0170767583
23110 0.0170765510
23292 0.0170765137
23432 0.0170764590
23485 0.0170764562
23573 0.0170764336
23641 0.0170764305
23734 0.0170764015
23787 0.0170763689
24052 0.0170762967
24120 0.0170762896
24260 0.0170762412
24771 0.0170762375
24791 0.0170762284
24798 0.0170761943
24903 0.0170761885
25043 0.0170761760
25233 0.0170761734
25279 0.0170761628
25287 0.0170761592
25413 0.0170761556
25560 0.0170761487
25891 0.0170761417
25898 0.0170761334
25999 0.0170761301
26362 0.0170761299
26435 0.0170761213
26890 0.0170761192
27072 0.0170761189
27129 0.0170761185
27151 0.0170761174
27194 0.0170761122
27546 0.0170761121
27712 0.0170761106
27922 0.0170761090
28060 0.0170761085
28086 0.0170761078
28225 0.0170761072
28425 0.0170761070
28741 0.0170761063
28803 0.0170761061
28918 0.0170761060
28950 0.0170761056
29390 0.0170761053
29454 0.0170761052
29562 0.0170761048
30113 0.0170761047
30185 0.0170761043
30411 0.0170761041
30760 0.0170761040
31354 0.0170761039
32441 0.0170761038
41896 0.0170761036
50000 0.0170761038
evaluations raw_y
1 14.8603891230
5 11.2097378554
12 7.0524182190
20 5.2294300305
97 3.3623032414
277 2.8491345461
821 2.2815885446
1585 2.2169719037
4691 2.1455508975
4879 2.0884680784
4900 1.7421934578
5214 1.7016682837
5286 0.8493660005
5883 0.8233939020
5924 0.7484838281
5970 0.7096129200
5986 0.6237863293
6069 0.6080165315
6186 0.3917392381
6503 0.3896132499
6671 0.2630939535
6790 0.2566903421
6986 0.1764482757
7227 0.1671471807
7254 0.1657937247
7522 0.1656894121
7548 0.1429190104
7682 0.1384074658
7743 0.1197822287
7850 0.1020224922
8001 0.0897583261
8206 0.0860154546
8287 0.0847435474
8418 0.0834598674
8473 0.0680491494
8595 0.0612575572
8735 0.0598428125
8876 0.0561413911
8955 0.0462299867
9075 0.0332818584
9874 0.0277211931
10438 0.0235911272
10816 0.0232343175
10918 0.0231596349
11003 0.0229400062
11030 0.0222203109
11071 0.0214945300
11385 0.0214462044
11414 0.0210639828
11479 0.0205764665
11534 0.0205690310
11591 0.0204284664
11659 0.0198461534
11908 0.0196294802
11966 0.0196269088
12028 0.0194111148
12060 0.0183663500
12421 0.0179533331
12721 0.0179507477
12787 0.0178869993
12822 0.0174624510
12893 0.0172418360
12926 0.0170098990
13165 0.0169506016
13193 0.0168952961
13381 0.0167545215
13414 0.0160487983
14393 0.0160474892
14399 0.0159716536
14551 0.0159640953
14679 0.0159596965
14721 0.0159315564
14912 0.0159019939
14980 0.0158206874
14986 0.0158170120
15129 0.0157700065
15465 0.0157573308
15664 0.0157547583
15673 0.0157451631
15874 0.0157134454
16021 0.0156987458
16206 0.0156735075
16707 0.0156694805
16789 0.0156577107
16850 0.0156369343
16992 0.0156060553
17091 0.0156052116
17299 0.0155827934
17867 0.0155780358
17966 0.0155722033
17991 0.0155679725
18602 0.0155671039
18653 0.0155627394
18848 0.0155623000
18959 0.0155621094
19090 0.0155596679
19364 0.0155590147
19405 0.0155579031
19553 0.0155574908
19614 0.0155572938
19684 0.0155565658
19695 0.0155556105
19725 0.0155554150
19982 0.0155549494
20035 0.0155548166
20064 0.0155546202
20065 0.0155536589
20163 0.0155534982
20270 0.0155526363
20304 0.0155525823
20334 0.0155513455
20764 0.0155509899
21091 0.0155508852
21209 0.0155502997
21331 0.0155499163
21653 0.0155495532
22367 0.0155495122
22608 0.0155494251
22639 0.0155493660
22707 0.0155493571
22735 0.0155492839
22737 0.0155491691
23019 0.0155491303
23022 0.0155490704
23073 0.0155490269
23473 0.0155489855
23543 0.0155488903
23646 0.0155488634
23710 0.0155488338
24024 0.0155488170
24185 0.0155488081
24450 0.0155487834
24580 0.0155487643
24672 0.0155487632
24819 0.0155487511
24834 0.0155487391
25059 0.0155487222
25142 0.0155486953
25207 0.0155486925
25774 0.0155486856
26028 0.0155486848
26090 0.0155486807
26120 0.0155486795
26193 0.0155486752
26683 0.0155486711
26773 0.0155486709
26814 0.0155486699
26883 0.0155486692
26933 0.0155486687
27075 0.0155486685
27173 0.0155486663
27204 0.0155486627
27339 0.0155486608
27456 0.0155486584
27617 0.0155486580
27751 0.0155486577
27956 0.0155486576
28051 0.0155486560
28157 0.0155486556
28732 0.0155486552
28733 0.0155486549
28781 0.0155486529
29264 0.0155486526
29416 0.0155486523
29640 0.0155486522
29723 0.0155486518
30066 0.0155486515
30289 0.0155486513
30519 0.0155486511
30885 0.0155486508
31830 0.0155486507
38615 0.0155486506
50000 0.0155486508
evaluations raw_y
1 12.9774219305
2 12.5697368189
4 9.2674221413
8 9.1667876832
13 8.4785380061
31 6.2357453170
46 3.1050336877
310 2.6837841996
550 2.1743424750
2068 2.0736998848
4966 1.2345299041
5698 1.1092151112
5824 0.9437818189
5861 0.7496402834
6067 0.6079211122
6105 0.5201302995
6173 0.4691914017
6444 0.3863131922
6493 0.3164945524
6579 0.2708592762
7176 0.2135144205
7245 0.1670646601
7663 0.1529773302
7692 0.0968960017
8490 0.0866963071
8608 0.0860829870
8693 0.0841235953
8769 0.0702114856
8878 0.0634383388
8969 0.0592132040
9194 0.0550891182
9320 0.0533397562
9354 0.0493674777
9595 0.0449466096
9641 0.0398112045
9829 0.0381828617
9960 0.0348221525
10427 0.0328550854
10622 0.0325813740
10663 0.0304494665
10787 0.0285400226
10800 0.0279805446
10917 0.0262640089
11206 0.0244076107
11416 0.0244023848
11632 0.0236260768
11745 0.0229670757
11748 0.0216291750
12319 0.0212406722
12404 0.0210614947
12775 0.0205675785
12814 0.0203400588
13369 0.0200834682
13487 0.0199779014
13604 0.0199477563
13668 0.0198886637
13811 0.0197333465
13885 0.0197089368
13979 0.0195515753
14448 0.0195382007
14525 0.0195297773
14529 0.0194030472
14642 0.0192380592
14672 0.0192094620
14960 0.0191807029
15034 0.0191146467
15259 0.0190829579
15268 0.0190457789
15309 0.0189215832
15582 0.0188825137
15917 0.0188811622
16230 0.0188797728
16320 0.0188765204
16329 0.0188734384
16460 0.0188734062
16500 0.0188685426
16514 0.0188397551
16693 0.0188395858
16877 0.0188306900
16955 0.0188247351
17128 0.0188232962
17171 0.0188103281
17239 0.0187940609
17266 0.0187826112
17691 0.0187798618
17694 0.0187760314
17950 0.0187731920
18068 0.0187678485
18633 0.0187673478
18727 0.0187671131
18728 0.0187589506
18903 0.0187581795
19126 0.0187574087
19216 0.0187549740
19567 0.0187531497
19648 0.0187530320
19679 0.0187494274
20386 0.0187485892
20502 0.0187482023
20940 0.0187480310
21009 0.0187478179
21099 0.0187471632
21146 0.0187461264
21659 0.0187459918
22247 0.0187458515
22518 0.0187458498
22662 0.0187457594
22962 0.0187457342
22991 0.0187456339
23056 0.0187456166
23131 0.0187456057
23153 0.0187454823
23469 0.0187454156
23555 0.0187453947
23610 0.0187453940
23674 0.0187453378
23908 0.0187452890
23939 0.0187452727
24032 0.0187452353
24206 0.0187452120
24377 0.0187451712
24801 0.0187451463
24927 0.0187451220
25046 0.0187451045
25308 0.0187450974
25590 0.0187450956
25698 0.0187450869
25801 0.0187450782
25936 0.0187450509
26234 0.0187450483
26286 0.0187450443
26374 0.0187450390
26421 0.0187450362
27207 0.0187450342
27344 0.0187450331
27384 0.0187450323
27395 0.0187450300
27427 0.0187450297
27646 0.0187450295
27662 0.0187450294
27744 0.0187450289
27901 0.0187450280
27914 0.0187450239
28173 0.0187450227
28228 0.0187450225
28282 0.0187450222
28340 0.0187450220
28344 0.0187450215
28398 0.0187450210
28480 0.0187450202
28686 0.0187450200
28687 0.0187450198
28806 0.0187450192
28999 0.0187450182
29316 0.0187450179
29381 0.0187450173
29575 0.0187450170
29852 0.0187450167
30233 0.0187450166
30619 0.0187450165
30655 0.0187450164
30696 0.0187450162
30857 0.0187450161
31211 0.0187450159
31411 0.0187450158
31589 0.0187450157
32213 0.0187450155
33476 0.0187450154
34679 0.0187450152
36145 0.0187450150
36903 0.0187450149
37705 0.0187450148
39847 0.0187450147
40563 0.0187450146
41744 0.0187450145
42212 0.0187450143
43730 0.0187450142
45278 0.0187450140
46318 0.0187450139
47836 0.0187450138
48989 0.0187450137
49880 0.0187450136
50000 0.0187450139
evaluations raw_y
1 30.7905646592
2 13.4369081149
4 8.9917190031
11 7.8056038064
27 7.4381853013
39 4.9871874958
108 2.5977855309
296 2.3815798732
1634 2.3735998431
2049 2.1335415343
4780 1.9032853357
5282 1.6674526683
5361 1.6514818871
5500 1.4365763563
5572 1.3889530200
5817 1.3544114624
5876 1.1330579239
5909 0.8779417900
6094 0.6086185917
6539 0.2927657023
7227 0.2688767400
7630 0.2649826024
7886 0.2569027390
7932 0.2458848477
8032 0.2253577521
8345 0.2125965817
8398 0.1957354290
8438 0.1784687659
8757 0.1601176176
8870 0.1579655112
9096 0.1522785888
9167 0.1418324299
9184 0.1257438551
9549 0.1250805673
9593 0.1189742168
9629 0.1152165528
9753 0.1120529793
9802 0.1111665342
9812 0.1104891480
10024 0.1078887535
10045 0.0985973160
10108 0.0949665573
10539 0.0935490187
10709 0.0927837716
10829 0.0919375167
10830 0.0902270978
10916 0.0884209604
11141 0.0855864116
11587 0.0848854059
11662 0.0842483425
11791 0.0839430346
11907 0.0838389531
11987 0.0834788072
12138 0.0828754603
12185 0.0818370136
12352 0.0807842214
12421 0.0805633099
12676 0.0805203358
12766 0.0804051719
12800 0.0793793478
12892 0.0791199853
12902 0.0790590038
13014 0.0787799588
13239 0.0787311910
13280 0.0783512347
13329 0.0781372444
13582 0.0780318775
13730 0.0779354031
14176 0.0779054917
14220 0.0778768774
14227 0.0778024664
14268 0.0777446808
14395 0.0777444690
14424 0.0777398955
14521 0.0776398712
14602 0.0775592237
14661 0.0773867182
14797 0.0773636019
14900 0.0772313964
15029 0.0771087604
15077 0.0770969818
15396 0.0770631356
15458 0.0769968670
15548 0.0769547282
15585 0.0769197102
15668 0.0768956443
16029 0.0768165210
16172 0.0768137709
16217 0.0767688235
16451 0.0767563531
16556 0.0767517481
16641 0.0767238067
16690 0.0767167546
16756 0.0767069447
17095 0.0767023037
17245 0.0766964569
17253 0.0766852949
17285 0.0766696144
17362 0.0766585784
17558 0.0766513141
17570 0.0766486354
17576 0.0766455920
17800 0.0766402168
18109 0.0766355516
18367 0.0766327618
18447 0.0766326472
18476 0.0766309225
18520 0.0766253597
18590 0.0766201133
18707 0.0766183800
18780 0.0766180316
18786 0.0766172864
18953 0.0766128998
19297 0.0766112950
19356 0.0766098358
19478 0.0766092677
19503 0.0766062340
19607 0.0766041371
19973 0.0766033950
20406 0.0766027237
20501 0.0766022447
20562 0.0766010576
20780 0.0765985929
21659 0.0765981245
22213 0.0765980396
22336 0.0765980348
22420 0.0765976230
22941 0.0765975650
23014 0.0765975065
23305 0.0765974913
23372 0.0765973958
23376 0.0765972108
23733 0.0765971854
23987 0.0765971673
24244 0.0765971671
24320 0.0765971446
24489 0.0765971291
24520 0.0765971185
24527 0.0765971103
24578 0.0765971050
24663 0.0765970861
24691 0.0765970592
24843 0.0765970532
24891 0.0765970350
25148 0.0765970243
25380 0.0765970179
25418 0.0765970121
25571 0.0765969951
25645 0.0765969842
25770 0.0765969800
26179 0.0765969797
26204 0.0765969731
26280 0.0765969708
26299 0.0765969659
26423 0.0765969545
27063 0.0765969498
27094 0.0765969461
27563 0.0765969442
27658 0.0765969432
27659 0.0765969400
27808 0.0765969395
27898 0.0765969378
28053 0.0765969372
28245 0.0765969369
28442 0.0765969365
28541 0.0765969364
28550 0.0765969341
29099 0.0765969340
29163 0.0765969337
29416 0.0765969336
29612 0.0765969328
29713 0.0765969324
29909 0.0765969323
29972 0.0765969319
30317 0.0765969316
30602 0.0765969313
31079 0.0765969311
31125 0.0765969309
31861 0.0765969307
43127 0.0765969306
50000 0.0765969310
evaluations raw_y
1 12.7830337477
6 9.8681437332
7 8.3524490675
11 7.6050819885
28 7.0227276974
37 6.9250286308
38 6.2347510384
106 4.4171885885
285 3.9858535602
330 3.0432562334
811 2.3042765058
1859 1.8297567171
4320 1.7856336900
5065 1.5541240749
5323 1.5015072762
5335 1.3942449293
5499 1.3655115463
5658 1.0852518402
5881 0.8162231029
6337 0.7522915055
6586 0.7245695156
6596 0.6294003448
6876 0.6119812064
6930 0.5877259752
6973 0.5875515489
7028 0.5116716140
7038 0.4655978119
7284 0.4396425192
7291 0.2554357120
8091 0.2504956033
8152 0.2307524361
8770 0.2274746728
8833 0.2228712176
8837 0.1996950946
8974 0.1925291728
9082 0.1924867176
9614 0.1754571036
9829 0.1721486505
10141 0.1588696099
10460 0.1580258006
10526 0.1531139489
10666 0.1523715267
10819 0.1522037806
10823 0.1507225420
11074 0.1486130971
11087 0.1471711391
11258 0.1450158179
11659 0.1436762973
11721 0.1426672168
11909 0.1413698133
12274 0.1409807066
12284 0.1403485998
12321 0.1386740504
12398 0.1383942397
12575 0.1380384876
12646 0.1374829942
12730 0.1369284992
13304 0.1366716269
13324 0.1365611623
13361 0.1353750329
14036 0.1352632446
14037 0.1351146868
14238 0.1349474426
14441 0.1345244672
14785 0.1343473735
14887 0.1343165371
14930 0.1342393626
15069 0.1341689875
15161 0.1341165647
15195 0.1341107110
15310 0.1339480373
15821 0.1339402790
15845 0.1339110774
16082 0.1337459316
16415 0.1337021698
16891 0.1336742146
16944 0.1336649794
17087 0.1336605554
17326 0.1336577217
17389 0.1336572665
17622 0.1336456541
17750 0.1336278454
17840 0.1336198668
17927 0.1336057164
18058 0.1336056624
18141 0.1335944614
18195 0.1335835662
18452 0.1335804837
18611 0.1335787840
18848 0.1335712719
19068 0.1335696147
19080 0.1335669524
19218 0.1335662284
19255 0.1335661568
19264 0.1335615359
19340 0.1335577800
19396 0.1335570139
19834 0.1335566548
19915 0.1335548858
19930 0.1335480274
20435 0.1335475500
20603 0.1335473174
20695 0.1335462923
20766 0.1335462623
20916 0.1335444707
21022 0.1335424468
21361 0.1335417137
21576 0.1335415435
21729 0.1335410177
21917 0.1335401157
22067 0.1335397870
22845 0.1335396458
22925 0.1335393324
23317 0.1335392803
23449 0.1335392602
23477 0.1335391706
23648 0.1335389603
23906 0.1335388834
24315 0.1335387810
24610 0.1335387678
24770 0.1335387449
24795 0.1335387218
24858 0.1335387127
25253 0.1335386905
25274 0.1335386806
25362 0.1335386374
25481 0.1335386216
25508 0.1335386142
25638 0.1335386130
25816 0.1335386051
26099 0.1335385785
26180 0.1335385774
26708 0.1335385769
26868 0.1335385714
26910 0.1335385639
27002 0.1335385598
27135 0.1335385556
27204 0.1335385426
27462 0.1335385417
27600 0.1335385401
27637 0.1335385339
27665 0.1335385288
27770 0.1335385283
27910 0.1335385280
28010 0.1335385273
28034 0.1335385253
28057 0.1335385248
28093 0.1335385243
28105 0.1335385235
28113 0.1335385226
28358 0.1335385225
28369 0.1335385211
28418 0.1335385191
28460 0.1335385168
28614 0.1335385166
28617 0.1335385162
28777 0.1335385140
28879 0.1335385120
29024 0.1335385113
29345 0.1335385109
29449 0.1335385099
29563 0.1335385095
29729 0.1335385089
30018 0.1335385081
30301 0.1335385075
30472 0.1335385069
30506 0.1335385068
30798 0.1335385064
31029 0.1335385062
31213 0.1335385059
31245 0.1335385055
32028 0.1335385052
32411 0.1335385051
32531 0.1335385049
38902 0.1335385048
50000 0.1335385053
evaluations raw_y
1 17.9724070917
2 14.7090938936
3 4.0691846954
158 3.7707147003
190 3.1285602780
302 2.1689590205
3539 1.7842922060
5086 1.7615556512
5234 1.1384007618
5309 0.9827493016
5731 0.8251572394
5940 0.8129688864
5953 0.6194872995
6002 0.6080542467
6173 0.5668194587
6436 0.5272076869
6735 0.4954695526
6741 0.4083221105
6751 0.3790559683
6820 0.2854675908
7059 0.1855719166
7336 0.1509133330
7592 0.1173005598
7934 0.1122425507
8138 0.0957777530
8324 0.0631253453
8778 0.0609008123
9086 0.0589002044
9126 0.0568964930
9166 0.0466470367
9191 0.0447102720
9310 0.0428651709
9653 0.0402605795
9834 0.0391052413
10052 0.0381317456
10102 0.0358569936
10176 0.0342775622
10197 0.0327727188
10471 0.0315682715
10476 0.0300492286
10729 0.0295538082
10750 0.0289402625
10930 0.0288437516
11000 0.0287257085
11008 0.0281983879
11066 0.0271907358
11068 0.0271783013
11234 0.0259937499
11274 0.0252982978
11370 0.0252468054
11421 0.0230628980
11827 0.0211170731
12414 0.0208485581
12630 0.0200376795
12794 0.0194255641
13015 0.0193275576
13559 0.0192707988
13743 0.0192530206
13776 0.0190456826
13901 0.0189714591
14104 0.0189701238
14118 0.0187836443
14244 0.0186012824
14532 0.0184484847
14987 0.0184131217
15120 0.0183653942
15220 0.0183272238
15261 0.0182772827
15453 0.0182300078
15478 0.0182190630
15571 0.0181819291
15656 0.0181691881
15844 0.0181683155
15996 0.0181637524
16156 0.0181416049
16277 0.0181093787
16769 0.0180957275
16867 0.0180926626
16885 0.0180904714
16934 0.0180896022
17004 0.0180837481
17013 0.0180773390
17065 0.0180738495
17088 0.0180708768
17411 0.0180684990
17486 0.0180670718
17505 0.0180519059
17654 0.0180484738
18082 0.0180445627
18231 0.0180431915
18375 0.0180410319
18560 0.0180386062
18663 0.0180379489
18733 0.0180361403
18861 0.0180354128
18903 0.0180345094
18966 0.0180333617
19034 0.0180298406
19344 0.0180293359
19484 0.0180283646
19544 0.0180271899
19768 0.0180268235
19809 0.0180251637
19977 0.0180238953
20238 0.0180231768
20544 0.0180230709
20639 0.0180220755
20859 0.0180219428
21040 0.0180219111
21051 0.0180206591
21387 0.0180206458
21478 0.0180203848
21530 0.0180201272
21855 0.0180200002
21867 0.0180199625
21970 0.0180198616
22075 0.0180194930
22282 0.0180194003
22683 0.0180193184
22963 0.0180193169
23028 0.0180192868
23070 0.0180191994
23121 0.0180191346
23254 0.0180191331
23312 0.0180190822
23538 0.0180190484
23582 0.0180189974
23611 0.0180189330
23938 0.0180188601
24061 0.0180188363
24342 0.0180188083
24591 0.0180187850
24989 0.0180187726
25092 0.0180187350
25555 0.0180187225
25734 0.0180187198
25777 0.0180187077
25991 0.0180187019
26075 0.0180187007
26101 0.0180186997
26403 0.0180186991
26413 0.0180186989
26576 0.0180186953
26596 0.0180186857
27020 0.0180186823
27119 0.0180186806
27288 0.0180186763
27321 0.0180186759
27473 0.0180186733
27492 0.0180186726
27700 0.0180186712
27925 0.0180186699
27948 0.0180186690
27958 0.0180186686
28082 0.0180186671
28165 0.0180186658
28215 0.0180186628
28263 0.0180186622
28645 0.0180186610
29068 0.0180186609
29083 0.0180186603
29118 0.0180186597
29418 0.0180186594
29590 0.0180186592
29890 0.0180186589
29931 0.0180186588
29963 0.0180186584
29991 0.0180186582
30363 0.0180186581
30508 0.0180186579
30651 0.0180186576
30929 0.0180186575
31085 0.0180186573
31298 0.0180186572
32025 0.0180186570
33449 0.0180186569
34996 0.0180186568
39358 0.0180186567
42696 0.0180186566
45966 0.0180186564
50000 0.0180186568
evaluations raw_y
1 16.8270898365
2 9.1374859422
4 7.7843381575
32 7.6515021328
35 7.0267330784
38 4.9116876011
102 4.6889613122
108 4.1783091556
112 3.5533732896
380 3.1307122732
458 2.5772377466
475 2.3846050845
625 2.2438163182
5126 2.0374670973
5171 1.4351881614
5228 0.5289330237
6290 0.4989610092
6507 0.3290361952
6596 0.2452284360
6689 0.2397717621
6865 0.2294165150
6917 0.1282258853
7621 0.1260248080
7627 0.1250421868
7775 0.1138621121
7955 0.1012323221
8190 0.0827976216
8325 0.0719505247
8410 0.0697880556
8666 0.0659827631
8806 0.0643039192
8818 0.0545527574
8872 0.0467657605
9120 0.0394710543
9435 0.0380229495
9545 0.0366780986
9744 0.0354773511
9826 0.0349882075
9854 0.0342288432
9857 0.0341028333
9952 0.0286691269
10028 0.0265106576
10071 0.0262439964
10117 0.0235216113
10135 0.0211652885
10368 0.0204608717
10400 0.0194540440
10521 0.0170842340
10716 0.0166012552
10756 0.0159240439
10852 0.0155076432
10999 0.0153126913
11108 0.0151661287
11160 0.0144122448
11218 0.0134849153
11369 0.0133705815
11689 0.0133442185
11734 0.0127853993
11766 0.0124840093
11906 0.0122033250
11962 0.0119659075
11976 0.0118778128
12055 0.0113599730
12112 0.0110507384
12249 0.0110255349
12294 0.0109087928
12685 0.0108028638
12709 0.0105224511
12800 0.0097691072
12864 0.0093393980
13626 0.0091650727
13662 0.0090667930
13991 0.0090054977
14029 0.0088242705
14180 0.0087844328
14355 0.0087254288
14536 0.0087186075
14993 0.0086783331
15051 0.0086637312
15140 0.0086622474
15198 0.0086438425
15331 0.0086330469
15352 0.0086011618
15577 0.0085292124
15760 0.0085122257
15958 0.0084864848
16124 0.0084813925
16181 0.0084572155
16254 0.0084545782
16463 0.0084502346
16637 0.0084392943
16777 0.0084288791
16844 0.0084180608
16913 0.0084080824
16937 0.0084073290
16980 0.0084007732
17068 0.0083945197
17335 0.0083852793
17365 0.0083832006
17427 0.0083677508
17616 0.0083629150
18377 0.0083620645
18466 0.0083566619
18932 0.0083552650
18940 0.0083526852
19039 0.0083515896
19267 0.0083505032
19415 0.0083473180
19695 0.0083466349
19858 0.0083465844
19887 0.0083463406
20116 0.0083455301
20457 0.0083451623
20663 0.0083437112
20862 0.0083436122
21000 0.0083432352
21059 0.0083430849
21196 0.0083429210
21197 0.0083428877
21573 0.0083427404
21584 0.0083424302
21822 0.0083424160
21866 0.0083424056
22041 0.0083423911
22109 0.0083422843
22140 0.0083422302
22252 0.0083421373
22397 0.0083421279
22456 0.0083420539
22542 0.0083419624
22635 0.0083418431
22821 0.0083418280
22993 0.0083417758
23040 0.0083417716
23056 0.0083416729
23232 0.0083416298
23447 0.0083416255
23467 0.0083416186
23685 0.0083415928
23726 0.0083415359
23915 0.0083415275
24153 0.0083414767
24554 0.0083414759
24598 0.0083414730
24629 0.0083414603
24688 0.0083414440
24874 0.0083414317
25060 0.0083414264
25084 0.0083413989
25410 0.0083413965
25431 0.0083413930
26058 0.0083413871
26195 0.0083413862
26299 0.0083413843
26432 0.0083413819
26504 0.0083413803
26665 0.0083413802
26677 0.0083413798
26700 0.0083413746
26819 0.0083413744
26901 0.0083413731
26906 0.0083413696
27073 0.0083413690
27094 0.0083413671
27484 0.0083413617
27840 0.0083413609
28170 0.0083413599
28546 0.0083413594
28680 0.0083413593
28951 0.0083413587
29006 0.0083413581
29394 0.0083413580
29485 0.0083413577
29811 0.0083413576
30013 0.0083413574
30135 0.0083413573
30149 0.0083413569
30781 0.0083413568
30958 0.0083413567
32078 0.0083413566
36737 0.0083413565
50000 0.0083413571
evaluations raw_y
1 28.5905584561
2 20.4259792010
3 14.0135066256
6 9.5494183448
25 6.1427757260
60 5.0691782296
82 3.8855048040
458 3.6113445119
537 3.1205134892
852 2.2287238730
1021 2.1629919864
2780 2.1465948792
5120 1.8636099120
5225 1.8555949860
5420 1.5479511209
5504 1.1176792121
5898 0.8758179034
5989 0.8073455121
6071 0.6627685050
6108 0.6362334338
6359 0.6100534833
6407 0.5295277057
6511 0.5013692706
6514 0.3337884249
6864 0.3291175132
6878 0.3142846328
6905 0.2837847295
7174 0.2598390431
7339 0.2256500657
7414 0.2195705213
7502 0.2132955371
7505 0.1710712065
7530 0.1621089710
7568 0.1200752189
7571 0.1068810455
8042 0.0890973833
8456 0.0876419901
8583 0.0727580436
8735 0.0646503094
8796 0.0558336120
8967 0.0489608047
9556 0.0460951005
9686 0.0381688891
10065 0.0350516195
10076 0.0346084570
10296 0.0299183873
10556 0.0294068391
10621 0.0274220902
10774 0.0272401315
11036 0.0247816349
11409 0.0246054454
11413 0.0229803638
11583 0.0221896387
11813 0.0218815797
12016 0.0216084020
12373 0.0208479676
12597 0.0207591048
12740 0.0205425986
12824 0.0205423095
12846 0.0204828699
13001 0.0202511845
13022 0.0201671299
13113 0.0201386711
13132 0.0198458689
13392 0.0197877009
13453 0.0197487131
13516 0.0196719680
13519 0.0196234540
13603 0.0194953072
13726 0.0192217120
13794 0.0190805992
13964 0.0190692136
14212 0.0190473339
14423 0.0189532601
14560 0.0189102481
14655 0.0188686305
14786 0.0188388646
14845 0.0187726389
14914 0.0187045419
15001 0.0186715362
15021 0.0185475109
15413 0.0184781055
15662 0.0184025874
15733 0.0184015503
16145 0.0183955504
16346 0.0183893647
16521 0.0183776269
16533 0.0183598866
16598 0.0183493731
16835 0.0183258203
17190 0.0183138235
17264 0.0183098820
17412 0.0183044999
17450 0.0183013203
17539 0.0182933982
17767 0.0182913959
17872 0.0182827005
18486 0.0182818732
18514 0.0182802207
18564 0.0182719121
18849 0.0182696048
19101 0.0182689258
19200 0.0182674077
19409 0.0182654323
19449 0.0182650589
19609 0.0182629926
19645 0.0182626161
19968 0.0182608590
20078 0.0182608415
20090 0.0182606513
20191 0.0182597986
20675 0.0182595654
20778 0.0182586705
20909 0.0182585301
20949 0.0182584959
20964 0.0182580560
21045 0.0182577150
21094 0.0182576375
21211 0.0182572012
21311 0.0182571189
21358 0.0182565418
21406 0.0182563173
21558 0.0182558785
21660 0.0182555031
21780 0.0182550272
22075 0.0182549449
22368 0.0182549291
22429 0.0182546304
22545 0.0182543502
22886 0.0182541356
23148 0.0182541043
23340 0.0182540939
23414 0.0182540345
23481 0.0182540245
23826 0.0182539145
23882 0.0182537991
24692 0.0182537975
24943 0.0182537873
24950 0.0182537748
25089 0.0182537606
25249 0.0182537550
25353 0.0182537545
25463 0.0182537401
25489 0.0182537358
25543 0.0182537267
25746 0.0182537219
25792 0.0182537128
25822 0.0182537105
26140 0.0182537080
26364 0.0182537031
26618 0.0182537027
26656 0.0182536982
26679 0.0182536978
26711 0.0182536891
26893 0.0182536858
27006 0.0182536852
27014 0.0182536827
27023 0.0182536826
27054 0.0182536821
27086 0.0182536775
27381 0.0182536752
27492 0.0182536717
27644 0.0182536701
27664 0.0182536688
28029 0.0182536679
28220 0.0182536674
28328 0.0182536669
28367 0.0182536643
28697 0.0182536636
28810 0.0182536632
28988 0.0182536629
29002 0.0182536624
29007 0.0182536615
29045 0.0182536612
29175 0.0182536605
29382 0.0182536604
29410 0.0182536596
29705 0.0182536587
29864 0.0182536582
29869 0.0182536581
30200 0.0182536580
30252 0.0182536579
30269 0.0182536578
30320 0.0182536576
30347 0.0182536574
30558 0.0182536571
30848 0.0182536570
30939 0.0182536568
31423 0.0182536567
31686 0.0182536566
32195 0.0182536564
32964 0.0182536563
33906 0.0182536562
36226 0.0182536561
38213 0.0182536560
38457 0.0182536558
42724 0.0182536557
45376 0.0182536556
46844 0.0182536555
48601 0.0182536554
50000 0.0182536556
evaluations raw_y
1 18.4724178867
2 11.6653461808
3 7.5349074088
23 3.3538009089
209 3.1777232428
917 2.9195819761
2126 2.2914005675
3074 2.0959790624
5166 1.3618247684
5395 1.2952515442
5531 1.1958967081
5582 1.1246151381
5590 1.0139133434
5647 0.6714649811
5748 0.5240142115
6076 0.4613711245
6418 0.4173930367
6590 0.2580504643
6600 0.2171948681
6718 0.1867989771
7182 0.1420560101
7230 0.1164825450
7683 0.1036505980
7757 0.0762496378
7884 0.0650195978
8374 0.0594331510
8401 0.0580827529
8425 0.0546105293
8531 0.0411783183
8977 0.0269028643
9668 0.0245930198
9853 0.0235685426
9923 0.0234815185
10044 0.0225069274
10053 0.0216152104
10187 0.0195505011
10191 0.0189388890
10208 0.0173854102
10344 0.0153880616
10490 0.0147470328
10722 0.0128823791
10850 0.0127738454
10913 0.0121528494
10984 0.0112954017
11023 0.0107474216
11055 0.0097779005
11352 0.0090329273
11391 0.0081932959
11885 0.0074400983
11965 0.0074148189
12156 0.0069117915
12163 0.0065432318
12471 0.0058501653
12564 0.0053848946
12714 0.0053196070
12888 0.0052209911
12889 0.0051426355
13204 0.0051262239
13360 0.0048451651
13389 0.0047092652
13618 0.0044938054
14102 0.0044391134
14162 0.0043321086
14508 0.0043216029
14576 0.0043114848
14610 0.0042828927
14792 0.0041491783
14846 0.0040834015
15269 0.0040420096
15443 0.0040358905
15447 0.0040343048
15560 0.0039967820
15630 0.0039754845
15645 0.0039177932
16030 0.0038877762
16257 0.0038800164
16274 0.0038785927
16354 0.0038675255
16419 0.0038633419
16496 0.0038478142
16554 0.0038368772
16598 0.0037996026
17443 0.0037935833
17459 0.0037905328
17487 0.0037780086
18028 0.0037750972
18035 0.0037689104
18195 0.0037680427
18249 0.0037661422
18285 0.0037584133
18639 0.0037528623
19777 0.0037518618
20030 0.0037503869
20039 0.0037501554
20270 0.0037480388
20395 0.0037478493
20477 0.0037465941
20641 0.0037464367
20759 0.0037463576
21078 0.0037462548
21106 0.0037455102
21351 0.0037452782
21466 0.0037446780
21625 0.0037444425
21634 0.0037442690
21820 0.0037440867
22142 0.0037438477
22156 0.0037437632
22280 0.0037435552
22665 0.0037434774
22685 0.0037433709
22875 0.0037432701
23001 0.0037432218
23349 0.0037432130
23366 0.0037431917
23428 0.0037431622
23488 0.0037430829
23622 0.0037430764
23755 0.0037430601
23878 0.0037429774
23984 0.0037429604
24144 0.0037429061
24532 0.0037428720
24739 0.0037428512
25014 0.0037428405
25077 0.0037428170
25317 0.0037428157
25381 0.0037427860
26184 0.0037427808
26220 0.0037427785
26383 0.0037427778
26418 0.0037427761
26541 0.0037427710
26610 0.0037427708
26687 0.0037427678
26718 0.0037427650
26766 0.0037427625
26960 0.0037427575
27015 0.0037427573
27031 0.0037427548
27126 0.0037427545
27358 0.0037427503
27493 0.0037427498
27568 0.0037427493
27857 0.0037427479
27989 0.0037427470
28108 0.0037427437
28971 0.0037427432
29047 0.0037427427
29052 0.0037427416
29585 0.0037427413
29823 0.0037427406
30266 0.0037427405
30635 0.0037427402
31004 0.0037427400
31492 0.0037427399
31651 0.0037427397
33219 0.0037427395
35479 0.0037427394
40029 0.0037427393
42994 0.0037427392
46152 0.0037427391
49007 0.0037427389
50000 0.0037427391
evaluations raw_y
1 9.5508131511
14 6.0714683748
103 3.3536820425
203 3.1502178197
359 2.8196977877
972 2.8063315155
1414 2.4956740087
2680 2.0648642864
4620 1.9778092758
4785 1.5974534148
5712 1.2810820243
6082 1.0726776351
6129 1.0283863082
6161 0.9607244109
6287 0.9014299639
6312 0.7009201332
6753 0.3991792367
7256 0.3237931345
7528 0.2560927341
7706 0.2481411646
7884 0.2267357365
7949 0.2026941945
8407 0.1818694394
8736 0.1786169994
8892 0.1757092463
8918 0.1678950485
9117 0.1660756871
9118 0.1640250075
9153 0.1516453559
9230 0.1447903517
9289 0.1406922208
9410 0.1306934416
9802 0.1277320199
9844 0.1237360391
10154 0.1164889400
10267 0.1135165518
10400 0.1076893883
10765 0.1052452821
11000 0.1017927052
11058 0.1012674417
11197 0.0988631598
11372 0.0978485133
11419 0.0976978730
11526 0.0976492040
11574 0.0954375496
11873 0.0950372729
12022 0.0942669485
12192 0.0942050477
12301 0.0938500144
12321 0.0932051036
12618 0.0923703105
12909 0.0919797159
12933 0.0917100723
13172 0.0913686572
13195 0.0910812808
13396 0.0908577951
13424 0.0908082243
13455 0.0907389121
13525 0.0905483429
13780 0.0901708858
14154 0.0898727084
14462 0.0898157780
14508 0.0897554569
14593 0.0895548872
14953 0.0895512820
14999 0.0894984436
15240 0.0894813786
15292 0.0894346654
15353 0.0893968724
15577 0.0893649147
15613 0.0893144367
15937 0.0892687282
15998 0.0892283566
16496 0.0892271363
16508 0.0892033339
16557 0.0891353419
17186 0.0891271274
17221 0.0891236965
17286 0.0891152821
17363 0.0891067094
17733 0.0890993644
17782 0.0890937542
17829 0.0890856460
18173 0.0890842434
18311 0.0890821318
18380 0.0890816191
18558 0.0890811544
18659 0.0890797658
18729 0.0890787647
18766 0.0890766014
18767 0.0890757792
18847 0.0890756050
18962 0.0890698742
19045 0.0890690252
19159 0.0890646422
19279 0.0890646134
19575 0.0890631076
19804 0.0890619942
19896 0.0890609422
19915 0.0890598956
20252 0.0890598789
20295 0.0890596955
20362 0.0890596736
20382 0.0890575305
20789 0.0890569831
20942 0.0890569230
21240 0.0890568124
21249 0.0890564699
21341 0.0890563035
21413 0.0890560357
21716 0.0890557421
21934 0.0890555890
21997 0.0890551477
22243 0.0890548580
22779 0.0890547370
23188 0.0890547204
23210 0.0890546798
23278 0.0890546197
23346 0.0890544851
23526 0.0890544563
23609 0.0890543966
23888 0.0890543579
24178 0.0890543523
24184 0.0890543332
24205 0.0890542789
24269 0.0890542572
24661 0.0890541687
25616 0.0890541668
25665 0.0890541630
25698 0.0890541565
25764 0.0890541303
26228 0.0890541209
26381 0.0890541122
26411 0.0890541121
26591 0.0890541100
26776 0.0890540996
27244 0.0890540994
27299 0.0890540960
27481 0.0890540941
27825 0.0890540912
27876 0.0890540908
27984 0.0890540904
28036 0.0890540897
28079 0.0890540876
28218 0.0890540869
28514 0.0890540853
29175 0.0890540838
29747 0.0890540834
29833 0.0890540828
29978 0.0890540826
30229 0.0890540825
30515 0.0890540823
30629 0.0890540821
31216 0.0890540819
31330 0.0890540817
31643 0.0890540816
37266 0.0890540815
50000 0.0890540820
evaluations raw_y
1 9.1481049980
2 3.4295241922
611 3.3809359307
1049 2.5693557430
1242 1.8942469324
3246 1.8781435817
3810 1.4907056442
5432 1.1562129593
5532 1.0645818231
5755 0.6565772772
6563 0.6460330582
6619 0.5406373896
6656 0.5093160510
6780 0.4936832218
7009 0.4751071373
7031 0.4642562647
7077 0.4104348991
7081 0.3870431353
7154 0.3778701750
7333 0.3466334905
7417 0.3117995639
7453 0.3049201669
7513 0.3022153358
7522 0.2657969812
7736 0.2091231464
8063 0.2048158458
8406 0.1975797815
8499 0.1964937606
8625 0.1918699502
8646 0.1887681538
8782 0.1768054884
8794 0.1745054687
8810 0.1616666895
8885 0.1587683739
8960 0.1563991486
9167 0.1550997009
9294 0.1481874802
9526 0.1452851052
9665 0.1443415333
9819 0.1434163356
9826 0.1364085086
9961 0.1355359988
9979 0.1344250070
10103 0.1274534983
10286 0.1260026747
10465 0.1238768404
10581 0.1236821520
10617 0.1207274021
10773 0.1200823000
10796 0.1196106702
10952 0.1179087915
11068 0.1176667866
11126 0.1135962452
11510 0.1119334047
11737 0.1108061515
11759 0.1104493108
11906 0.1094084558
11931 0.1079297676
12648 0.1079104523
12798 0.1077854305
12867 0.1071092489
13014 0.1067663669
13043 0.1064169026
13919 0.1062684745
13965 0.1060836773
14024 0.1059731199
14110 0.1057074143
14527 0.1056966133
14560 0.1056597925
14683 0.1055734633
14776 0.1054931982
14964 0.1054879054
14973 0.1054748057
14987 0.1053405568
15095 0.1053291097
15135 0.1053139279
15209 0.1051777596
15327 0.1050679530
15552 0.1049900995
16325 0.1049319758
16375 0.1049187524
16554 0.1048921536
16562 0.1048641225
16708 0.1048605671
17038 0.1048413819
17221 0.1048254421
17263 0.1047910152
17653 0.1047829369
17851 0.1047807141
18013 0.1047795984
18052 0.1047637111
18235 0.1047627131
18271 0.1047617077
18329 0.1047593713
18464 0.1047536317
18514 0.1047513752
18618 0.1047465297
18768 0.1047456577
18863 0.1047447777
18930 0.1047433322
19251 0.1047422140
19253 0.1047388613
19322 0.1047370142
19481 0.1047324032
20079 0.1047320736
20097 0.1047310347
20107 0.1047310163
20120 0.1047301529
20195 0.1047287011
20510 0.1047267690
21026 0.1047267232
21325 0.1047259224
21673 0.1047258604
21728 0.1047254696
21852 0.1047253339
21916 0.1047252740
22035 0.1047251248
22250 0.1047244084
22788 0.1047242011
22938 0.1047241796
23179 0.1047239859
23608 0.1047237952
23771 0.1047237910
23897 0.1047237880
23938 0.1047237400
24249 0.1047237292
24338 0.1047237065
24396 0.1047236585
24449 0.1047236515
24585 0.1047236489
24602 0.1047236204
24624 0.1047235839
24945 0.1047235379
25371 0.1047235285
25480 0.1047235125
25594 0.1047235091
25678 0.1047235041
25760 0.1047235015
25786 0.1047234978
25834 0.1047234877
25926 0.1047234823
25932 0.1047234689
26218 0.1047234675
26226 0.1047234594
26259 0.1047234577
26412 0.1047234534
26591 0.1047234504
26853 0.1047234435
26938 0.1047234384
27208 0.1047234343
27218 0.1047234312
27525 0.1047234295
27562 0.1047234274
28125 0.1047234256
28285 0.1047234206
28653 0.1047234182
28994 0.1047234172
29058 0.1047234151
29285 0.1047234145
29493 0.1047234143
29527 0.1047234139
29826 0.1047234135
29926 0.1047234133
30000 0.1047234127
30181 0.1047234124
30312 0.1047234121
30493 0.1047234119
30919 0.1047234117
31554 0.1047234115
31726 0.1047234114
31811 0.1047234113
32201 0.1047234112
33049 0.1047234111
50000 0.1047234117
evaluations raw_y
1 11.1013714367
10 9.3658046743
13 9.0750458166
15 6.2547661062
43 5.0368053589
69 4.2442561223
122 3.8345406771
189 3.5107755026
384 2.6529954971
732 2.4872614857
1469 2.0342875616
4802 1.5904191658
4901 1.4994844698
5409 1.3921037556
5422 0.9947376171
5837 0.8427724850
5940 0.7634948060
6020 0.6987430829
6230 0.3217695780
6657 0.2739630325
6962 0.2530626048
7018 0.2510444709
7054 0.2317056425
7156 0.2230200015
7182 0.1915985632
7249 0.1614023229
7448 0.1523377583
7578 0.1406968830
7726 0.1396304285
7761 0.0959793774
8060 0.0811369974
8541 0.0781408305
8633 0.0653616001
8888 0.0596329734
8916 0.0511411877
9130 0.0444638413
9218 0.0441039790
9377 0.0322900653
10126 0.0316454472
10330 0.0247654552
10637 0.0239156360
11072 0.0232609029
11236 0.0232256769
11404 0.0221279287
11799 0.0211538584
11853 0.0211492340
12067 0.0210748183
12121 0.0207792836
12521 0.0204571024
12522 0.0204065910
12659 0.0202565334
12748 0.0202073901
12897 0.0198007803
12979 0.0194573148
13242 0.0194563104
13364 0.0190243290
13508 0.0189857588
13864 0.0186912843
14059 0.0186809248
14063 0.0186375587
14321 0.0185482648
14558 0.0185450252
14585 0.0185414477
14589 0.0185221982
14667 0.0184570650
14718 0.0183854628
14801 0.0183758990
15099 0.0182980677
15119 0.0182614590
15160 0.0182231653
15284 0.0182109176
15471 0.0182018834
15601 0.0181832995
15811 0.0181761591
15849 0.0181567904
15905 0.0181534953
15916 0.0181315217
15951 0.0181241153
16104 0.0180922381
16124 0.0180886741
16239 0.0180598153
16357 0.0180390315
16704 0.0180376455
16718 0.0180285285
16740 0.0180234759
16762 0.0179999873
16960 0.0179992032
17242 0.0179814156
17328 0.0179702680
17534 0.0179660007
17739 0.0179655216
17740 0.0179641995
17849 0.0179608685
17884 0.0179501180
18313 0.0179489156
18458 0.0179478675
18488 0.0179456645
18589 0.0179439122
18628 0.0179421036
18972 0.0179399782
19138 0.0179385729
19340 0.0179385190
19349 0.0179374726
19447 0.0179357993
19645 0.0179355223
19658 0.0179343590
19839 0.0179343117
20090 0.0179341312
20094 0.0179339640
20096 0.0179318299
20379 0.0179307759
20734 0.0179307634
20766 0.0179307146
20879 0.0179295661
21089 0.0179293049
21092 0.0179292857
21451 0.0179291461
21930 0.0179290631
22006 0.0179289995
22116 0.0179287525
22151 0.0179285613
22292 0.0179283528
22337 0.0179282363
23196 0.0179281970
23391 0.0179281508
23408 0.0179280832
23680 0.0179280247
23925 0.0179279927
24005 0.0179279595
24045 0.0179279572
24493 0.0179279211
24630 0.0179278830
24907 0.0179278714
25229 0.0179278643
25439 0.0179278602
25527 0.0179278547
25724 0.0179278538
26127 0.0179278506
26184 0.0179278417
26192 0.0179278357
26436 0.0179278346
26465 0.0179278303
27082 0.0179278282
27145 0.0179278277
27184 0.0179278223
27693 0.0179278195
28274 0.0179278186
28439 0.0179278180
28609 0.0179278178
28629 0.0179278164
28961 0.0179278160
29137 0.0179278149
29853 0.0179278141
30427 0.0179278139
30752 0.0179278138
30948 0.0179278136
31562 0.0179278134
32251 0.0179278133
43842 0.0179278132
50000 0.0179278133
evaluations raw_y
1 12.8888596438
3 11.4194341277
6 10.6635547498
7 9.1302485075
9 6.0639679775
48 4.5428775084
125 4.4430230059
231 3.1053198831
479 3.0238670497
1423 2.0355683837
4761 1.8402196951
5277 1.5355509863
5315 1.3452494055
5363 1.0243566561
5492 1.0155612024
5601 0.9670016937
5675 0.7173432633
5678 0.6827082975
5796 0.6028275691
5884 0.5813795088
6143 0.4812630674
6222 0.3681167293
6339 0.3412781525
6731 0.2826068508
6858 0.2115176638
7011 0.1949381734
7224 0.1898517356
7328 0.1756160639
7390 0.1298633280
7604 0.1087748882
7972 0.0970460414
8259 0.0791386848
8414 0.0732225043
8509 0.0688147113
8619 0.0437497912
8936 0.0416135372
9315 0.0285447380
10441 0.0250925713
10655 0.0236288318
10724 0.0233933569
10942 0.0225694521
10945 0.0217452331
11094 0.0208262101
11303 0.0189489290
11515 0.0184300512
11771 0.0183850257
12056 0.0183178570
12117 0.0175518014
12226 0.0175494281
12456 0.0171823067
12634 0.0170625636
12803 0.0170536184
12813 0.0164033272
13043 0.0160461288
13140 0.0158431991
13485 0.0157992482
13566 0.0156686262
13763 0.0156027927
13978 0.0154930426
14128 0.0153444985
14606 0.0153228594
14625 0.0152984805
14666 0.0152380883
14915 0.0151974025
15392 0.0151964244
15473 0.0151817265
15632 0.0151251873
15667 0.0151124446
15695 0.0151076930
15872 0.0150966549
15909 0.0150965088
15934 0.0150843065
16204 0.0150818742
16242 0.0150573036
16423 0.0150351149
16450 0.0150153419
16830 0.0149964572
16928 0.0149959685
17021 0.0149943269
17070 0.0149925548
17089 0.0149879061
17147 0.0149871838
17183 0.0149837560
17187 0.0149779364
17209 0.0149747625
17245 0.0149735631
17260 0.0149498895
18050 0.0149471209
18060 0.0149451014
18135 0.0149448120
18165 0.0149403434
18520 0.0149401241
18562 0.0149328891
18698 0.0149327714
18806 0.0149294322
19013 0.0149273625
19133 0.0149254199
19302 0.0149252856
19333 0.0149243483
19370 0.0149213188
19463 0.0149198769
19768 0.0149186108
19997 0.0149174722
20068 0.0149170552
20076 0.0149163583
20291 0.0149155906
20488 0.0149150717
20500 0.0149141688
20923 0.0149137497
20975 0.0149136878
21032 0.0149134089
21102 0.0149133163
21198 0.0149131914
21423 0.0149129582
21457 0.0149121080
21733 0.0149120151
21964 0.0149119262
21969 0.0149116286
22008 0.0149114700
22286 0.0149113716
22463 0.0149112528
22498 0.0149112407
22602 0.0149110853
22683 0.0149109383
23044 0.0149108459
23172 0.0149107906
23373 0.0149107494
23473 0.0149107341
23498 0.0149106946
23546 0.0149106565
23611 0.0149105713
23956 0.0149105369
23967 0.0149104925
24118 0.0149104842
24406 0.0149104488
24494 0.0149104420
24597 0.0149104325
24770 0.0149104274
24787 0.0149104231
24865 0.0149103945
24988 0.0149103906
25058 0.0149103800
25160 0.0149103724
25192 0.0149103574
25292 0.0149103562
25324 0.0149103488
25439 0.0149103380
25499 0.0149103232
25914 0.0149103134
25954 0.0149103120
26093 0.0149103105
26193 0.0149103079
26241 0.0149103076
26269 0.0149102950
26389 0.0149102885
26540 0.0149102866
26723 0.0149102840
27031 0.0149102815
27276 0.0149102805
27279 0.0149102799
27308 0.0149102796
27348 0.0149102794
27369 0.0149102791
27387 0.0149102788
27484 0.0149102776
27658 0.0149102759
27780 0.0149102746
27977 0.0149102736
28057 0.0149102726
28103 0.0149102717
28164 0.0149102708
28312 0.0149102697
28420 0.0149102693
28521 0.0149102690
28585 0.0149102688
28615 0.0149102673
28750 0.0149102656
29378 0.0149102651
29408 0.0149102649
29714 0.0149102643
29908 0.0149102640
30410 0.0149102638
30687 0.0149102636
30837 0.0149102634
31225 0.0149102631
31527 0.0149102630
31835 0.0149102629
32071 0.0149102628
33127 0.0149102626
34623 0.0149102625
37077 0.0149102624
38544 0.0149102623
40520 0.0149102621
42268 0.0149102620
44275 0.0149102619
45271 0.0149102618
46637 0.0149102617
47846 0.0149102616
49579 0.0149102614
50000 0.0149102615
evaluations raw_y
1 18.5864434228
2 9.1920576209
5 6.8048374149
7 4.7149739541
241 4.3706854866
513 2.6528574324
1400 1.8723875256
3081 1.7461930534
5051 1.3603484546
5262 1.2788946381
5331 1.0317617540
5638 0.6928193919
5982 0.6863794640
6204 0.6385751240
6229 0.6081626292
6245 0.4551558772
6625 0.4063610832
6630 0.3598165936
6637 0.3316782664
6721 0.2439380995
7190 0.2295068894
7372 0.1527270313
7598 0.1411621725
7991 0.1320569280
8083 0.1122043447
8116 0.0930101290
8449 0.0922997936
8635 0.0786742775
8929 0.0779029113
8998 0.0754307011
9345 0.0753508588
9384 0.0720020353
9412 0.0698447697
9508 0.0689442429
9608 0.0662028403
9612 0.0550916501
10206 0.0523297109
10240 0.0468756815
10640 0.0461886738
11125 0.0443403896
11366 0.0433771127
11434 0.0426463539
11560 0.0413252697
11630 0.0406146189
11814 0.0401560210
12057 0.0398897510
12062 0.0379248340
12766 0.0378942546
12936 0.0375972065
12987 0.0372466109
13013 0.0370740560
13040 0.0367717410
13402 0.0365804495
13479 0.0365418132
13588 0.0363945720
13622 0.0363107043
14048 0.0362500772
14059 0.0362011112
14061 0.0359710038
14533 0.0357714716
15068 0.0357623973
15394 0.0356115350
15768 0.0355944333
16267 0.0355809003
16446 0.0355759711
16475 0.0355555094
16639 0.0355472464
16741 0.0355469262
16774 0.0355325168
16873 0.0355175580
16894 0.0354933425
17474 0.0354890687
17775 0.0354889389
17876 0.0354882168
17944 0.0354832195
18005 0.0354814338
18011 0.0354811893
18040 0.0354680875
18609 0.0354603359
18927 0.0354596896
18985 0.0354596013
19036 0.0354594335
19049 0.0354590142
19070 0.0354564728
19113 0.0354542813
19127 0.0354527587
19516 0.0354518948
19724 0.0354503527
19831 0.0354495049
19948 0.0354494891
19964 0.0354493413
20074 0.0354486018
20160 0.0354483150
20214 0.0354481450
20218 0.0354467715
20657 0.0354465443
20872 0.0354459686
21003 0.0354452968
21237 0.0354452401
21255 0.0354452290
21383 0.0354447320
21620 0.0354445758
21832 0.0354442153
22476 0.0354441181
22597 0.0354440310
22745 0.0354440224
22892 0.0354439805
22948 0.0354437856
23032 0.0354437815
23423 0.0354436257
23874 0.0354436234
24071 0.0354436076
24096 0.0354435823
24165 0.0354435704
24191 0.0354435088
24475 0.0354435052
24871 0.0354434989
24922 0.0354434858
24970 0.0354434820
25060 0.0354434731
25236 0.0354434663
25245 0.0354434457
25368 0.0354434422
25450 0.0354434278
25457 0.0354434229
25512 0.0354433794
26346 0.0354433773
26474 0.0354433763
26538 0.0354433739
26658 0.0354433704
26683 0.0354433655
26688 0.0354433605
26829 0.0354433598
27166 0.0354433564
27297 0.0354433547
27490 0.0354433523
27731 0.0354433520
27740 0.0354433518
27754 0.0354433497
27987 0.0354433454
29121 0.0354433449
29350 0.0354433447
29382 0.0354433445
29562 0.0354433431
30483 0.0354433428
30723 0.0354433425
31086 0.0354433424
31365 0.0354433422
32010 0.0354433421
32608 0.0354433419
35131 0.0354433418
50000 0.0354433423
evaluations raw_y
1 16.9693995589
3 9.4418651542
6 8.6996312781
44 6.3487624614
65 4.8612243438
166 3.8058884583
247 2.8656461651
573 2.2408885352
3366 2.2044647699
4776 1.7309185664
5353 1.6357497472
5417 1.5876257364
5476 1.3575634595
5614 1.2677149247
5627 1.1093552011
5630 0.8765877814
5647 0.6923943220
6081 0.5868989691
6357 0.5671636626
6556 0.4174638755
6884 0.3684226672
6989 0.2519868271
7118 0.2008894075
7779 0.1805885791
7921 0.1645365350
8031 0.1603466482
8153 0.1336697408
8567 0.1165650824
8826 0.1122153589
9039 0.1105368469
9133 0.1102158921
9225 0.1029191633
9663 0.0973543494
10039 0.0947918880
10058 0.0937655391
10063 0.0913902723
10182 0.0900314585
10317 0.0886035333
10561 0.0874698142
10598 0.0822350340
10888 0.0822034421
10974 0.0799998439
11229 0.0795937416
11273 0.0788517891
11475 0.0786493910
11513 0.0769787909
11700 0.0755133332
11968 0.0754399673
12091 0.0752687493
12197 0.0752395834
12286 0.0751852705
12304 0.0748916707
12307 0.0748799206
12470 0.0743056458
12490 0.0739635286
12649 0.0735091726
13057 0.0731776148
13217 0.0728539993
13413 0.0725248281
13545 0.0721986619
14012 0.0721653489
14183 0.0721320426
14270 0.0719575420
14434 0.0719091567
14462 0.0716959368
14759 0.0715289960
15211 0.0714979685
15369 0.0714969423
15511 0.0714262280
15861 0.0714210248
15997 0.0714145340
16068 0.0714083342
16145 0.0713781813
16193 0.0713696803
16556 0.0713631351
16657 0.0713491080
16768 0.0713240683
16873 0.0713237392
16961 0.0713195001
17039 0.0713159062
17117 0.0712996644
17721 0.0712967433
17728 0.0712959744
17806 0.0712790706
18146 0.0712699569
18575 0.0712639592
18875 0.0712631805
19035 0.0712606725
19093 0.0712593674
19243 0.0712590265
19448 0.0712571914
19738 0.0712551052
19768 0.0712547629
20062 0.0712546669
20116 0.0712536870
20533 0.0712536543
20541 0.0712534194
20717 0.0712531074
20941 0.0712519133
21354 0.0712518724
21399 0.0712517171
21435 0.0712516144
21467 0.0712515988
21593 0.0712514775
21674 0.0712514320
21689 0.0712513617
21765 0.0712512311
21818 0.0712511620
21929 0.0712508809
22271 0.0712508087
22328 0.0712507274
22495 0.0712506979
22646 0.0712504972
22676 0.0712504222
22807 0.0712503284
23129 0.0712503258
23249 0.0712503009
23261 0.0712502674
23272 0.0712502529
23284 0.0712502312
23538 0.0712501937
23768 0.0712501656
23894 0.0712501400
23907 0.0712501096
24190 0.0712500998
24288 0.0712500754
24304 0.0712500375
24347 0.0712500353
24505 0.0712500343
24578 0.0712500318
24656 0.0712499990
24689 0.0712499745
25309 0.0712499730
25369 0.0712499702
25510 0.0712499582
25866 0.0712499562
25942 0.0712499432
26218 0.0712499419
26235 0.0712499388
26267 0.0712499371
26438 0.0712499340
26842 0.0712499333
26958 0.0712499331
26970 0.0712499327
26971 0.0712499312
27093 0.0712499277
27113 0.0712499271
27227 0.0712499228
27600 0.0712499226
27800 0.0712499220
27849 0.0712499208
27860 0.0712499201
27869 0.0712499198
28146 0.0712499193
28319 0.0712499182
28468 0.0712499172
28688 0.0712499161
29037 0.0712499159
29105 0.0712499156
29151 0.0712499154
29447 0.0712499151
29452 0.0712499149
29672 0.0712499146
29926 0.0712499144
29939 0.0712499143
30178 0.0712499141
30561 0.0712499140
30704 0.0712499138
30884 0.0712499137
32227 0.0712499135
36367 0.0712499134
50000 0.0712499142
evaluations raw_y
1 27.2673947836
2 8.1017718340
9 6.9015607510
46 4.2800592672
287 4.2515819715
473 4.1643093892
491 3.5619312207
934 3.5307274216
1570 3.0469744578
1786 2.7335526130
2066 2.4327626903
4316 2.0700563666
4716 1.7635395536
4934 1.6717684657
5054 1.2170829950
5307 1.0405928429
5455 1.0301379593
5483 1.0133739675
5551 0.9218356287
5572 0.5887418586
5926 0.5884089250
6107 0.4796415670
6556 0.4557885050
6588 0.4131527685
6679 0.3426194551
6758 0.2920190777
6761 0.2566462055
7100 0.2124859423
7112 0.2006337549
7191 0.1682111267
7298 0.1555085229
7380 0.1443080308
7583 0.1432413874
7680 0.1377363886
7809 0.1237235057
7876 0.1115917629
7995 0.1054319804
8217 0.0957025176
8272 0.0824364271
8668 0.0792960478
8737 0.0704233591
8957 0.0673319940
9139 0.0666159464
9207 0.0648070941
9408 0.0625944133
9415 0.0576728148
9521 0.0533079532
9671 0.0475071808
9770 0.0442572617
10144 0.0427718272
10404 0.0423053773
10482 0.0386961625
10618 0.0366481696
10907 0.0364260283
11011 0.0360545553
11154 0.0350034836
11244 0.0341013504
11361 0.0319742197
11535 0.0316919311
11892 0.0315746462
11935 0.0314742966
12005 0.0310163725
12171 0.0309542765
12325 0.0308094713
12398 0.0301999652
12423 0.0300588288
12527 0.0298885537
12597 0.0294541511
12681 0.0294453607
12979 0.0293590845
13111 0.0289330996
13158 0.0288105638
13397 0.0287102773
13559 0.0286936441
13709 0.0286898574
13835 0.0284294734
13988 0.0283241745
14191 0.0282065471
14364 0.0281323947
14948 0.0280805703
15128 0.0279973450
15233 0.0279508608
15939 0.0279433937
15942 0.0279415170
15987 0.0279350978
16008 0.0279102401
16183 0.0278838929
16596 0.0278625533
16721 0.0278368279
16966 0.0278355360
17103 0.0278230624
17464 0.0278213696
17626 0.0278151291
17632 0.0278140839
17727 0.0278124401
17948 0.0278071077
17950 0.0278067932
17973 0.0278006203
18275 0.0278000088
18321 0.0277978121
18495 0.0277969893
18687 0.0277954186
18706 0.0277944158
18715 0.0277902219
19201 0.0277895874
19258 0.0277894646
19379 0.0277876181
19511 0.0277868726
19578 0.0277866521
19736 0.0277863577
19768 0.0277856374
19830 0.0277832971
20363 0.0277828752
20407 0.0277824061
20437 0.0277817730
21030 0.0277814615
21296 0.0277808387
21489 0.0277807514
21682 0.0277806141
21793 0.0277805309
21911 0.0277804673
21938 0.0277799503
22460 0.0277798265
22706 0.0277797455
22781 0.0277796975
22875 0.0277796026
23181 0.0277795404
23259 0.0277795392
23520 0.0277795389
23527 0.0277795027
23773 0.0277794694
23790 0.0277794595
23836 0.0277794391
23870 0.0277793582
24267 0.0277793445
24554 0.0277793355
24733 0.0277793151
24874 0.0277793097
24965 0.0277793063
25022 0.0277793019
25053 0.0277792946
25319 0.0277792825
25404 0.0277792720
25419 0.0277792711
25474 0.0277792572
25548 0.0277792531
25772 0.0277792470
25941 0.0277792356
26260 0.0277792324
26533 0.0277792277
26562 0.0277792270
26880 0.0277792265
26957 0.0277792260
26960 0.0277792221
27016 0.0277792179
27313 0.0277792164
27357 0.0277792144
27506 0.0277792132
27765 0.0277792130
28520 0.0277792127
28545 0.0277792118
28644 0.0277792103
29158 0.0277792098
29199 0.0277792096
29701 0.0277792089
29977 0.0277792088
30111 0.0277792086
30412 0.0277792084
30687 0.0277792081
31265 0.0277792079
32802 0.0277792077
50000 0.0277792081
evaluations raw_y
1 12.7785465166
4 3.2404823358
768 3.1957672933
1073 2.3212317317
2517 1.8113707650
4833 1.6208058151
5010 1.4821947306
5267 1.3249885071
5354 0.7793601740
6456 0.5482175772
6745 0.4798406107
6812 0.4405860694
6887 0.3629100829
6890 0.3370625984
6977 0.2794513358
7035 0.2016804824
8050 0.1943322719
8215 0.1771415562
8257 0.1482632508
8560 0.1449873723
8651 0.1247891191
9268 0.1204958910
9415 0.1204419755
9471 0.1152164343
9504 0.1145629482
9565 0.1133571954
9568 0.1116143047
9601 0.1055757246
9743 0.1054331157
9856 0.1031142816
9891 0.1010941438
9926 0.0980514097
10001 0.0975755798
10052 0.0975423716
10055 0.0942582388
10396 0.0897418126
10414 0.0868881105
10704 0.0857532141
10811 0.0857147538
11040 0.0830066900
11138 0.0810217340
11233 0.0805589919
11737 0.0800823155
11872 0.0800437784
12011 0.0793661257
12182 0.0788893209
12211 0.0787135912
12214 0.0777843206
12320 0.0765660525
13355 0.0764744060
13359 0.0763756818
13424 0.0760332832
13652 0.0758801185
13726 0.0758503775
13760 0.0756920503
13851 0.0750958547
15426 0.0750334081
15596 0.0750324326
15718 0.0750033665
15719 0.0749042337
15761 0.0748779935
15959 0.0748621170
16025 0.0748587645
16034 0.0748200025
16094 0.0747898794
16198 0.0747714722
16258 0.0747530276
16511 0.0747508790
16533 0.0747502691
16554 0.0747417521
16618 0.0747285238
16629 0.0747090264
16732 0.0746795225
17241 0.0746726965
17270 0.0746520732
17289 0.0746519273
17424 0.0746348801
17804 0.0746236447
17953 0.0746227901
18183 0.0746172367
18331 0.0746164772
18357 0.0746078249
18698 0.0746002783
18741 0.0745973310
18962 0.0745959811
19085 0.0745949665
19086 0.0745931258
19183 0.0745914036
19441 0.0745903029
19565 0.0745902024
19718 0.0745871028
19785 0.0745864853
19900 0.0745856817
19974 0.0745853400
20009 0.0745851920
20045 0.0745837474
20224 0.0745817114
20350 0.0745811522
20667 0.0745810111
20917 0.0745810090
20928 0.0745808522
20952 0.0745806679
21068 0.0745806423
21103 0.0745803898
21205 0.0745800687
21214 0.0745799982
21223 0.0745792199
21274 0.0745792093
21278 0.0745789159
21541 0.0745786689
21637 0.0745784589
21678 0.0745779752
21722 0.0745773094
22443 0.0745772316
22586 0.0745771639
22626 0.0745769362
23199 0.0745768897
23211 0.0745768338
23225 0.0745768279
23330 0.0745766561
23349 0.0745765232
23447 0.0745765079
23622 0.0745764698
23969 0.0745764669
24067 0.0745764663
24200 0.0745763970
24306 0.0745763622
24468 0.0745763618
24538 0.0745763414
24582 0.0745763388
24618 0.0745763360
24742 0.0745763286
24776 0.0745763229
24810 0.0745763179
24902 0.0745763008
25072 0.0745762885
25248 0.0745762826
25312 0.0745762618
25321 0.0745762603
25330 0.0745762456
25347 0.0745762431
25361 0.0745762411
25475 0.0745762332
25489 0.0745762266
25685 0.0745762141
25762 0.0745762138
25795 0.0745762133
25851 0.0745761974
26065 0.0745761931
26097 0.0745761821
26196 0.0745761742
26454 0.0745761716
26514 0.0745761701
26586 0.0745761672
26599 0.0745761664
26687 0.0745761634
26767 0.0745761606
27232 0.0745761496
27989 0.0745761466
28358 0.0745761438
28512 0.0745761437
28653 0.0745761427
28661 0.0745761422
28910 0.0745761413
29304 0.0745761405
29333 0.0745761396
29552 0.0745761386
29867 0.0745761380
30325 0.0745761378
30448 0.0745761377
30593 0.0745761375
31023 0.0745761373
31112 0.0745761372
31153 0.0745761371
31329 0.0745761370
31532 0.0745761368
31907 0.0745761367
31976 0.0745761366
32404 0.0745761365
32913 0.0745761363
33251 0.0745761362
34252 0.0745761360
35181 0.0745761359
35337 0.0745761358
36697 0.0745761357
37008 0.0745761356
37205 0.0745761354
40847 0.0745761353
41295 0.0745761352
43194 0.0745761350
45942 0.0745761348
48028 0.0745761347
49959 0.0745761346
50000 0.0745761354
evaluations raw_y
1 15.3888419873
2 11.9269415414
3 6.5467527142
48 6.4104409770
81 3.7212147679
233 3.6658543583
420 3.2501788860
477 3.1748607450
741 3.1598660005
867 2.2769241220
4648 1.9140270349
4796 1.7457871272
4926 1.1347824457
5325 1.0908015183
5503 0.8023863736
5698 0.5440940170
5936 0.4995476279
5967 0.4115894041
6187 0.3122434439
6689 0.3059525896
6858 0.2944996963
6891 0.2623269597
6931 0.2281070475
7178 0.2058615870
7363 0.1868340320
7530 0.1708328830
7609 0.1560083013
7659 0.1410222428
7792 0.1388104364
7913 0.0942347322
8237 0.0886433409
8324 0.0878260513
8351 0.0804102553
8611 0.0524601028
9343 0.0512138454
9356 0.0438782883
9358 0.0391629379
9467 0.0378006635
9574 0.0374552376
9974 0.0364117588
10170 0.0346824866
10184 0.0333869332
10646 0.0295488380
10834 0.0293142896
10863 0.0258978858
11432 0.0253976647
11434 0.0253170973
11502 0.0249870876
11541 0.0245778458
11614 0.0244444636
11620 0.0237405512
11722 0.0237254053
11727 0.0231604548
11890 0.0225661639
12074 0.0225503542
12136 0.0225023014
12241 0.0222187136
12279 0.0221570125
12345 0.0218201387
12425 0.0215950002
12481 0.0214195975
12582 0.0213641389
12613 0.0210893314
12642 0.0208337254
12651 0.0207197962
12812 0.0205819232
12978 0.0205622217
13019 0.0201959094
13083 0.0201934064
13223 0.0201146655
13235 0.0197293347
13540 0.0194708615
13708 0.0194539316
13976 0.0192482785
14674 0.0192303585
14961 0.0191187197
15122 0.0191030731
15380 0.0190925939
15384 0.0190867677
15477 0.0190812192
15491 0.0190739613
15506 0.0190665085
15544 0.0190576864
15553 0.0190519557
15558 0.0190391579
15614 0.0190175221
15615 0.0189823590
15625 0.0189350093
15691 0.0189273596
16246 0.0189099442
16461 0.0188876076
16584 0.0188732040
17139 0.0188670413
17298 0.0188617749
17306 0.0188548780
17442 0.0188539493
17548 0.0188472968
17589 0.0188421741
18014 0.0188381254
18066 0.0188298363
18384 0.0188268294
18552 0.0188254430
18569 0.0188240301
18706 0.0188185703
19133 0.0188182487
19224 0.0188174484
19442 0.0188171674
19522 0.0188165227
19546 0.0188164523
19662 0.0188162209
19668 0.0188160048
19672 0.0188152519
19757 0.0188137031
19883 0.0188114598
20249 0.0188106583
20411 0.0188100452
20846 0.0188094394
21074 0.0188088882
21207 0.0188087149
21527 0.0188086385
21574 0.0188084300
21637 0.0188079327
22391 0.0188079202
22488 0.0188078602
22489 0.0188076759
22498 0.0188076739
22608 0.0188076474
22656 0.0188075275
22807 0.0188074852
22927 0.0188074001
23032 0.0188073964
23034 0.0188073004
23145 0.0188072980
23564 0.0188072856
23592 0.0188072648
23771 0.0188072257
23799 0.0188071780
24013 0.0188071341
24178 0.0188071306
24357 0.0188070683
24516 0.0188070653
24621 0.0188070449
24794 0.0188070266
25087 0.0188069875
25960 0.0188069812
26005 0.0188069718
26187 0.0188069671
26452 0.0188069608
26825 0.0188069548
26925 0.0188069522
27244 0.0188069510
27657 0.0188069502
27733 0.0188069500
27799 0.0188069482
27971 0.0188069475
28181 0.0188069470
28286 0.0188069446
28408 0.0188069441
28717 0.0188069439
28725 0.0188069435
28972 0.0188069431
29091 0.0188069428
29381 0.0188069420
29759 0.0188069419
29966 0.0188069417
30041 0.0188069415
30212 0.0188069414
30243 0.0188069413
30900 0.0188069411
31126 0.0188069410
31385 0.0188069409
31551 0.0188069408
32217 0.0188069407
50000 0.0188069410
evaluations raw_y
1 17.8866765776
3 3.6164319819
82 3.4967337544
333 2.2569493048
430 1.9058774464
706 1.4983899129
5138 1.0231534606
5148 0.9757789525
5640 0.8457591216
5885 0.8074315942
6065 0.7567235895
6129 0.6904848145
6159 0.5473023323
6280 0.4335877058
6532 0.4293684309
6620 0.4186705718
6656 0.3977772681
6657 0.3630511783
6777 0.1975885352
6941 0.1742971686
7469 0.1555259841
7565 0.1486447668
7663 0.1400231787
7744 0.1343512247
8237 0.1310841627
8394 0.1145725064
8412 0.1132202214
8497 0.1087748833
8710 0.1086923077
8750 0.0832454133
8852 0.0737028412
9106 0.0688674503
9258 0.0655137726
9396 0.0589066189
9580 0.0574450782
9691 0.0492119181
10168 0.0452302974
10276 0.0448890905
10421 0.0443235702
10541 0.0432826417
10581 0.0415808651
10653 0.0382045287
11213 0.0375528743
11309 0.0365671183
11565 0.0359347130
11760 0.0357096802
11897 0.0355088973
11912 0.0347982137
11997 0.0345358747
12067 0.0345265081
12166 0.0344149860
12256 0.0339217676
12320 0.0339089421
12377 0.0337848336
12484 0.0337007336
12568 0.0330257566
12790 0.0329365549
12794 0.0329187841
12967 0.0329087495
13009 0.0326916662
13206 0.0326852147
13264 0.0326400753
13366 0.0322906434
13543 0.0319014831
13877 0.0318556951
14070 0.0318075504
14113 0.0317820272
14141 0.0316429617
14225 0.0315856664
14450 0.0315683122
14655 0.0315276673
14677 0.0314509010
14919 0.0314328604
14929 0.0313632795
14944 0.0313418568
15083 0.0313396253
15084 0.0313372645
15113 0.0313016602
15350 0.0312982196
15460 0.0312635797
15473 0.0312228403
15687 0.0311601163
15840 0.0311503822
15911 0.0311428428
15941 0.0311310562
16007 0.0311139557
16148 0.0310972917
16293 0.0310763949
16461 0.0310725617
16483 0.0310675136
16554 0.0310672271
16567 0.0310591348
16641 0.0310543765
16946 0.0310395166
17099 0.0310326768
17125 0.0310236542
17127 0.0310234005
17135 0.0310179237
17180 0.0310168006
17217 0.0310153903
17301 0.0310077865
17304 0.0309976919
17422 0.0309965916
17446 0.0309875285
17552 0.0309832245
17571 0.0309808740
17626 0.0309758477
17630 0.0309758471
17652 0.0309600497
17721 0.0309566684
17877 0.0309507187
18018 0.0309458067
18233 0.0309417710
18538 0.0309374058
18578 0.0309339624
19028 0.0309336783
19115 0.0309307619
19321 0.0309299301
19518 0.0309297965
19554 0.0309292939
19581 0.0309292359
19589 0.0309256353
20022 0.0309256006
20031 0.0309239789
20186 0.0309237664
20226 0.0309236034
20436 0.0309231239
20552 0.0309223692
20685 0.0309221463
20806 0.0309218103
20826 0.0309209059
21107 0.0309205519
21108 0.0309203282
21135 0.0309202282
21194 0.0309201029
21263 0.0309200803
21295 0.0309196586
21515 0.0309196470
21563 0.0309193557
21595 0.0309192438
21604 0.0309187516
21725 0.0309186876
22263 0.0309186350
22315 0.0309186290
22385 0.0309186284
22398 0.0309185989
22433 0.0309184460
22530 0.0309184143
22606 0.0309183965
22682 0.0309183208
22704 0.0309183096
22712 0.0309180952
22798 0.0309179424
23007 0.0309178271
23429 0.0309176918
24018 0.0309176795
24194 0.0309176679
24391 0.0309176607
24428 0.0309176344
24701 0.0309176322
24710 0.0309176028
24820 0.0309175909
24962 0.0309175846
25027 0.0309175762
25174 0.0309175655
25327 0.0309175330
25602 0.0309175245
25985 0.0309175208
26032 0.0309175086
26455 0.0309175026
26466 0.0309174990
26813 0.0309174981
26948 0.0309174967
27137 0.0309174926
27426 0.0309174833
27947 0.0309174831
28005 0.0309174818
28085 0.0309174815
28142 0.0309174785
28407 0.0309174776
29113 0.0309174771
29124 0.0309174766
29360 0.0309174763
29412 0.0309174761
29606 0.0309174759
29625 0.0309174755
29793 0.0309174752
30046 0.0309174750
30106 0.0309174747
30526 0.0309174745
30720 0.0309174742
31292 0.0309174741
31838 0.0309174739
34704 0.0309174738
41699 0.0309174737
50000 0.0309174739
